1932 2008 2005 2254 2330 2081 2110 2175 2141 2351 2225 1982 1937 2184 2176 1963 2005 2438 2190 1880 2114 1940 1950 2186 2286 2193 2037 2146 2137 2124 2037 2225 2022 2199 2331 2162 2053 2192 1983 2238 2084 2086 2259 2192 1957 2229 2082 1948 2138 2072 2242 2276 2154 2263 1961 2202 2245 2034 2037 2082 2285 2034 1892 2221 1979 1809 1972 2100 1992 2044 2182 2123 2081 2062 2182 2308 2020 1973 1859 2069 2065 2173 1783 2105 2096 2244 2209 2024 2291 2139 2027 2091 1924 2073 2197 2112 2046 2140 2161 2078
2153 1962 1923 2055 2104 2000 2021 1936 2169 2327 2324 1892 1875 2110 2139 2176 2016 2216 2132 1915 1869 1764 1907 2222 2211 2145 2126 2081 1881 2106 1918 2105 2044 1967 2138 2067 1950 1973 2007 1835 1925 1938 2072 2028 1976 2029 2135 1993 2097 1890 1995 2063 2083 2100 2032 1992 1980 1866 1994 2121 2061 1860 1944 2029 1859 1836 1896 1970 1941 1908 1976 1863 2120 1820 1837 2122 2049 1819 1738 1734 1987 1990 1577 2054 2067 2069 2078 2037 2138 2268 2050 1804 1930 1931 2298 1954 1895 1980 2057 1810
2213 1843 1984 2120 2093 2184 2246 2042 2110 2322 2252 2017 1901 2179 2102 2143 2072 2213 2106 1951 1820 1930 2011 2170 2291 2036 2031 2035 2018 2061 2068 2148 2046 2003 2060 2156 2093 2235 1972 1996 1979 1985 2125 1986 1918 2113 2265 1903 2146 1996 2050 2113 1955 2099 2092 2211 1997 2149 2106 2107 2177 2209 2020 2068 1995 1927 2082 2037 1989 2171 1938 1921 2144 1912 2130 2154 2138 1811 1800 2022 2115 2151 2021 1956 2098 2250 2168 1876 2096 2060 2039 1995 1920 2001 2331 1961 2053 1957 2143 1879
2267 1999 2106 2435 2101 2231 2244 2050 2235 2435 2431 1910 1752 2178 2059 2197 2045 2388 2156 1860 2087 1923 2186 2322 2402 2118 2073 2197 2073 2079 2172 2226 2391 2187 2244 2134 1986 2220 2016 2072 1982 2091 2299 2151 1990 2175 2335 1984 2256 2078 2246 2220 1914 2135 2082 2223 2125 2108 2081 2254 2190 2122 1982 2102 2114 1908 2076 2118 2049 2144 1976 2139 2157 2027 2195 2296 2083 1824 1958 2175 2030 2082 1960 2188 2209 2214 2152 1894 2147 2069 2218 1923 1980 2037 2301 2025 2085 2122 2138 2060
2079 1958 1877 2183 1995 2057 2021 1925 2050 2335 2306 1929 1592 2085 2099 1903 1923 2205 2012 1840 2042 1722 1970 2199 2184 1983 1988 2072 1916 1934 2148 2129 2027 2040 2181 2020 1886 2048 1915 2057 2044 1969 2029 1979 1858 2086 2137 1888 2091 1882 2002 1969 1796 1939 2020 2010 1885 1855 2065 2025 2055 2133 1810 2111 1737 1983 1778 1953 1841 2032 1908 1863 1987 1834 1924 2116 1990 1786 1582 1965 1993 1941 1794 2039 1964 2039 2077 1662 1870 1955 1966 1861 1901 1886 2204 1915 1832 1932 2058 1772
2002 1782 1939 2352 2129 2142 2042 1838 2103 2404 2147 1834 1860 2075 1988 1889 1863 2272 2163 1686 1854 2011 1866 2098 2188 2056 2032 2022 2106 2044 1826 2139 2068 2044 2147 1991 1910 1932 1962 2000 1948 2118 2183 1981 1850 2048 2183 1795 2236 2019 2214 2190 2010 2176 1956 2154 2300 2150 2030 1907 2099 1984 1896 2018 1891 1670 2080 2064 1988 2066 1965 2006 2061 1909 2058 2116 1918 1843 1897 1988 1966 2073 1758 1836 1974 2089 2130 1916 2181 2103 1987 2044 1906 2024 2206 2134 2153 1962 2064 1963
1788 1755 1691 1958 2105 1905 1900 1827 1809 2138 2114 1741 1732 1990 1909 1835 1844 2076 2033 1776 1864 1792 1824 2103 1930 1870 1848 1964 1731 1848 1868 2041 1962 1834 2137 1946 1853 1992 1862 1837 1863 1886 1875 1789 1724 1919 2045 1688 1962 1891 1961 2069 1868 1824 1708 2016 2163 1746 1904 1882 1910 2060 1691 1940 1721 1565 1783 1879 1834 1824 1913 1953 1934 1771 1945 2100 1871 1694 1729 1868 1960 1645 1782 1852 2037 1828 1859 1613 1960 1854 1860 1615 1640 1896 2099 1831 1859 1855 1934 1744
1828 1796 1682 1953 1825 1929 1810 1770 1966 2210 2132 1796 1734 1892 1882 1858 1647 1926 1871 1749 1726 1597 1772 1961 1915 1760 1695 1976 1706 1810 1739 1966 1974 2009 1929 1654 1796 1821 1728 1692 1851 1797 1921 1814 1663 1960 1954 1830 1810 1803 1961 1959 1741 1945 1748 1919 1956 1836 1862 1852 2050 1778 1809 1958 1821 1621 1707 1959 1846 1765 1739 1857 1915 1780 1881 1874 1689 1592 1789 1860 1757 1777 1858 1826 1924 2035 1857 1788 1891 1865 1811 1656 1743 1783 2123 1931 1709 1706 1957 1725
2074 1928 1922 2190 2189 1986 2151 2200 2218 2335 2285 1865 1875 2134 2060 1998 2028 2370 2140 1888 2026 1903 1974 2291 2061 2210 2257 2054 2033 2220 2085 2314 2074 2096 2117 1989 1999 2072 1978 2119 2055 2054 2129 2099 1920 2144 2246 2007 2140 2140 2079 2279 2007 2211 1967 2013 2106 2126 2173 2025 2265 2195 1909 2079 1701 1872 2126 1966 1855 2126 2077 1962 2216 1941 2107 2239 2041 1928 1816 2171 2087 1936 1800 2326 2102 2277 2169 1978 2153 2130 2152 2022 1808 1993 2304 2031 2029 2078 2087 1895
1994 1787 1836 2086 1947 1900 1999 1735 1870 2291 2116 1780 1900 2004 1900 1944 1814 2211 1856 1587 1844 1792 1733 2076 2115 1905 1998 1930 1828 1986 1670 2137 1937 2039 1963 2047 1984 1772 1837 1811 1965 1889 2033 1837 1945 1931 2010 1816 2085 1820 2075 2111 1898 2016 1820 2060 1830 1884 1949 1868 2096 1793 1851 1802 1888 1704 1928 1749 1875 2046 1838 1891 1921 1810 1845 1935 1757 1833 1846 1760 2018 1735 1848 1889 1944 2138 1931 1960 2083 2009 1936 1882 1881 2029 2200 1983 2050 1712 1936 1861
2032 2054 1917 2284 2150 1969 1979 1890 2155 2332 2403 1867 1707 1986 2129 2149 1999 2199 2172 1868 1785 1769 1928 2091 2106 2087 2160 1785 2071 2109 2059 2252 2080 2053 2253 2053 2005 2107 1968 2068 1934 2187 2236 1971 1991 2025 2179 1955 2112 1955 2075 2228 2037 2145 1989 2110 2019 1881 2043 2014 2249 2156 1915 2080 1877 1844 2121 2044 1741 1990 1993 2052 2117 1961 2054 2121 2146 1755 1721 2010 2035 2190 1791 2047 2106 2157 1997 1996 2201 2083 2091 1924 1858 2037 2246 1962 2031 1962 1987 1780
2022 1999 1858 2301 2041 2120 2007 1864 2150 2455 2347 1956 1877 2013 2066 2070 1963 2337 2223 1862 2038 1846 2014 2244 2222 2209 2011 2032 2023 2158 1778 2177 2256 2180 2125 2051 1951 1865 2107 2075 2023 1857 1971 2071 1982 1989 2199 2125 2140 1849 2106 2175 1868 2198 1982 2200 2043 1896 2036 2018 2286 2169 2170 2164 1967 1919 2131 2145 1994 2032 2032 1961 2145 1910 1992 2092 2021 1836 1727 1927 1939 2021 1921 2003 2075 2211 2129 1928 2200 1990 2061 2019 2023 1945 2238 2125 2053 1985 2200 1972
2107 2103 2051 2178 2156 2052 2147 1824 1986 2130 2197 1744 1885 2007 1977 1920 1882 2106 2150 1798 2080 1649 1763 2103 1999 1923 1858 1755 1914 2189 1823 2213 1965 2126 2250 1887 1836 2087 1918 2029 1780 1887 2108 2056 1926 2139 2024 1936 2038 1848 1944 2195 1863 2110 2074 2065 1983 1898 1803 1954 2093 2033 2014 2134 1911 1694 1905 1888 1712 2018 2045 1926 1934 1902 1866 2092 1908 1607 1870 1915 2057 1985 1802 2082 2010 2114 2057 1806 2212 2038 1976 1927 1882 1820 2104 1933 1944 1826 1900 1856
2006 1960 1912 2008 2047 2055 2053 1981 1993 2406 2311 1850 1940 1991 2184 1957 1947 2228 1989 1851 1751 1969 1914 2145 2080 2190 2023 1999 2015 2072 1960 2189 2092 2093 2161 1871 1904 2023 1945 1884 2030 1952 2165 1858 1855 2046 2099 1920 2138 1989 2164 2155 1860 2155 1941 2017 1986 2089 1992 2143 2108 1979 2055 2180 1859 1895 1841 2121 1867 1882 1866 1811 2005 1723 2039 2068 1980 1947 1891 2056 1971 2079 1908 1933 1983 2116 2200 1901 2137 2239 1888 1931 2027 1986 2356 2013 2007 1851 1985 1835
2289 2062 1999 2319 2184 2144 2394 1927 2362 2578 2416 2057 2047 2196 2083 2215 1969 2399 2068 1948 2143 1975 2028 2327 2224 2165 2082 2310 2149 2109 2092 2326 2362 2245 2294 2163 2003 2187 2207 2113 1991 2184 2227 2250 1967 2209 2084 2115 2346 2106 2210 2328 2005 2271 2193 2292 2273 2057 2165 2252 2334 2074 2156 2240 2107 1848 2161 2072 1998 2139 2041 2182 2153 2150 2025 2294 2064 1851 2069 1982 2206 1990 2051 2101 2261 2287 2135 2067 2193 2177 2317 1941 1999 2066 2437 2160 2165 1920 2086 1953
1828 1953 1885 2200 2179 1965 2135 1945 2014 2355 2226 1828 1854 2073 1933 2004 1838 2310 2013 1885 2103 1857 1981 2299 2114 1930 1862 2026 2012 2111 2018 2234 2168 2214 2262 1972 1810 1934 1944 2196 1931 2086 2098 1894 1958 2239 2185 1816 2289 1972 2166 2211 1963 2185 1979 2052 2176 1909 1967 2173 2245 2020 2097 2165 1979 1820 1963 2087 1978 2147 2007 1974 1977 2056 2079 2168 1952 1968 2032 1954 2052 1827 1837 2010 2168 2096 2115 1900 2137 2137 2144 1970 1759 2010 2203 1994 2082 1831 2214 2003
2040 1743 1922 2245 2077 2016 1954 1796 1944 2244 2080 1779 1872 2018 1882 2008 1943 2255 1949 1643 1935 1832 1882 2143 2131 1885 1992 1988 1921 1988 1987 1959 1883 2135 2116 1896 1866 2109 1855 1882 1849 1917 2101 2036 1786 2003 2083 1799 2088 1942 1932 2211 1861 2039 1863 2194 2059 1951 1800 1918 2108 1863 1868 2069 1801 1858 1891 2054 1883 2027 1844 1937 1886 2043 1933 2200 1952 1775 1763 1959 1970 1816 1779 1983 1975 2042 2067 1917 2104 1876 1968 1812 1922 2029 1942 1945 2102 1841 1976 1833
1793 1719 1735 1784 1903 1754 1912 1632 1891 1864 1955 1736 1658 1824 1802 1625 1803 1971 1714 1518 1681 1542 1751 1936 1851 1737 1798 1732 1752 1821 1894 2063 1842 1925 1869 1834 1639 1796 1683 1798 1868 1900 1884 1622 1718 2034 1883 1641 1927 1815 1846 1906 1801 1985 1916 1791 1723 1812 1897 1742 2000 1709 1862 1847 1761 1641 1629 1937 1612 1885 1753 1756 1679 1640 1736 1853 1705 1516 1792 1900 1740 1696 1687 1709 1825 1913 1810 1714 1838 1871 1757 1674 1666 1738 1992 1749 1783 1558 1860 1610
2011 1981 2025 2348 2116 2017 2370 2026 2214 2441 2483 1909 1934 2244 2005 1973 1992 2270 2400 1948 1937 2091 1973 2166 2216 2196 2109 2072 2192 2208 2217 2223 2059 2077 2130 2171 2035 2115 2065 2002 2033 2067 2148 2069 1899 2295 2090 2024 2179 1940 2198 2333 2078 2245 2068 2067 2249 2209 2091 2142 2381 2134 2025 2126 1851 1845 1981 2291 1988 2202 2101 2021 2119 2012 2009 2179 2104 2017 2006 2130 1932 2159 1939 1985 2170 2301 2143 2079 2234 2184 2075 2075 1989 2066 2252 2050 1998 2069 2227 1997
2194 2160 2144 2340 2101 2175 2306 2055 2147 2337 2254 2164 1961 2207 2215 2132 2136 2327 2239 1979 2068 2048 2172 2426 2292 2156 2174 2101 2095 2281 2044 2386 2229 2302 2397 2030 2048 2084 2078 2096 2097 2087 2398 2156 2059 2336 2195 2014 2174 2314 2163 2477 2165 2330 2125 2256 2227 2113 2174 2005 2559 2173 2068 2289 2130 2078 2121 2164 2177 2310 2085 2088 2377 2058 2212 2373 2129 1881 2045 2247 2156 2020 2081 2219 2148 2309 2232 2101 2247 2276 2168 2023 2046 2224 2429 2251 2131 2009 2178 2104
2170 2140 2204 2319 2280 2168 2374 1958 2098 2366 2367 2089 1998 2274 2205 2078 2112 2353 2245 1939 2016 2078 2077 2277 2219 2227 2199 2169 2077 2231 2148 2400 2195 2214 2354 2223 2129 2324 2250 2266 2098 2234 2264 2025 2174 2103 2327 1980 2158 2220 2167 2376 2138 2423 2116 2206 2310 2216 2284 2018 2471 2208 1869 2136 2077 1971 2259 2169 2095 2287 2160 2076 2115 2120 2139 2333 2219 1977 2103 2232 2178 2126 1952 2063 2368 2139 2054 1995 2218 2151 2183 2113 2015 2057 2533 2213 2064 2103 2114 2089
2138 1993 1906 2194 2114 1935 2144 2017 2158 2270 2330 1895 1946 2157 2036 1969 1983 2235 2110 1896 2093 1792 2073 2207 1994 1965 2036 2134 1906 2035 2006 2213 2138 2165 2102 2099 2012 1886 1927 1966 2080 1920 2168 1953 1982 2098 2071 1796 2201 1976 1991 2264 1733 1945 1996 1878 1997 1983 2041 1981 2155 2064 1917 1845 1766 1754 1991 1854 1904 2164 2036 2037 2211 1933 1924 2107 1955 1813 1904 1965 2100 1830 1886 2104 1998 2127 1932 1874 2018 2047 2125 1916 1817 1969 2258 1966 1965 1996 1984 1712
1822 1819 1835 2155 2152 1918 1960 1866 2130 2307 2112 1841 1835 2040 1948 1793 1911 2122 2024 1803 1870 1804 1789 2020 2018 1848 1830 1952 1852 2007 1925 2054 2117 1946 2073 1935 1830 1979 1907 1915 2049 1890 1963 1924 1783 2079 2033 1782 2077 1889 2008 2145 1816 2092 1979 1913 2039 1805 1910 1897 2120 1939 1905 2012 1793 1665 1958 2032 1878 1918 1938 2041 1925 1989 1933 1966 1788 1805 1788 1965 1824 1899 1822 1811 1938 2069 2021 1889 2061 1936 1868 1813 1749 1945 2178 1879 2003 1683 2094 1727
1908 1939 1891 2261 2054 2015 2258 1867 2126 2298 2131 1909 1743 2111 2090 2149 1724 2377 2055 1826 2168 1751 2043 2241 2270 2029 1998 2077 2020 2048 2016 2219 2045 2231 2325 2037 1906 1970 1972 2077 2086 2039 2100 1928 1950 2194 2098 1880 2024 1983 2073 2215 1987 2013 1974 2069 2093 2033 2121 1932 2186 2079 2004 2200 1910 1751 2097 2096 2028 2075 1952 2099 1971 1928 1995 1979 1910 1658 1806 2080 2041 1823 1901 2104 2190 2111 2106 1965 2098 2009 2030 1834 1932 2069 2328 2123 1868 1969 1976 2042
2001 1853 1948 2127 2105 2075 2052 1791 1975 2237 2094 1933 1712 2026 2041 1974 1809 2210 2108 1790 1951 1705 1888 2170 2078 1992 1881 1939 1923 2148 1872 2238 1942 1989 2125 1911 1867 2026 1958 1891 1898 1968 2180 2005 1963 1913 2062 1801 2024 1976 1983 2133 1909 2087 2109 2013 1942 1916 1916 1832 2091 1842 1738 2021 1751 1727 1979 2086 1875 1935 1894 1975 2014 1907 1838 2104 2071 1660 1788 1901 1989 1991 1626 1974 1831 2059 2025 1934 2100 2029 1887 1891 1901 1899 2102 2022 2025 1893 1869 1862
2123 1993 1910 2301 2171 1987 2305 1903 2227 2380 2324 2076 2000 2196 2094 1974 2101 2357 2147 1851 2096 1939 2024 2266 2090 2298 2189 2129 2229 2251 2173 2372 2061 2192 2237 2104 2047 2122 2077 2234 2085 2128 2293 2142 2029 2245 2335 1977 2354 2030 2161 2246 2083 2269 2158 2196 2158 2108 2239 2094 2299 2051 2059 2228 1876 1876 2064 2244 1876 2204 2144 2003 2132 2024 2027 2153 2125 1879 1989 2129 2153 2011 1827 2014 2051 2337 2161 2107 2328 2065 2096 2083 1934 2112 2296 2076 2098 2033 2191 1992
1976 1822 1693 2068 2184 2102 1879 1864 2039 2277 2129 1829 1555 2177 2028 1820 1996 2297 2074 1744 1898 1768 1780 2277 2175 2023 2014 1964 1963 1933 1985 2223 2060 2079 2090 2234 1952 2035 1921 1870 1949 1971 2148 2011 1977 1959 2116 1791 2166 1916 2078 2055 2078 1939 2137 2188 1943 2040 2132 1982 1995 2001 1910 2050 1899 1721 2000 1968 1999 2032 1847 2017 2130 1820 1994 2116 2035 1724 1745 1969 1977 1948 1801 1815 1951 2132 1923 1896 2027 2034 1975 2014 1790 2025 2273 1932 2060 1853 1999 1846
2080 1869 1789 2270 2038 1982 2061 1970 1993 2386 2249 2174 1758 1993 2024 1904 1999 2339 2044 1786 1892 1857 1955 2310 2136 2097 1968 2120 1955 2093 2175 2287 2063 2149 2093 2096 1931 2011 1983 1995 2129 2047 2161 2027 1880 2204 2170 1982 2074 2050 2018 2309 1989 2035 1892 2375 1966 2010 2182 2010 2262 2148 2072 2068 1831 1853 2169 2178 2142 2072 2034 1944 1928 1972 2110 2299 2153 1872 1939 2100 1983 1698 1885 1974 2103 2241 2008 1869 2078 1913 2153 1965 1952 2200 2185 2084 2057 1979 2047 2004
2080 1862 2091 2161 2155 2231 2327 1928 2259 2279 2146 1901 1716 2160 2263 2025 1950 2318 2108 1759 1973 1972 1932 2329 2220 2004 2057 2120 2067 2109 2195 2126 2146 2091 2213 2135 2116 2213 2032 2166 2043 1980 2257 2106 1926 2263 2042 1964 2333 2154 2196 2181 2098 2172 2150 2246 1952 2103 2097 1989 2173 2018 2089 2245 1998 2070 1939 2215 1894 2229 2026 2066 2043 2034 2233 2148 2208 1782 1866 2088 2011 2052 2057 1953 2033 2204 2270 1979 2272 2042 2071 2050 1984 2093 2307 2012 2017 2015 2171 2028
2120 1835 1931 2043 2112 1864 2166 2062 2056 2240 2360 1855 1815 2139 1957 2007 1846 2111 2058 1901 1846 1818 1950 2073 2058 1892 2027 2008 1814 2100 1889 2157 2061 2067 2030 2059 1957 2008 1899 1996 2106 2032 2028 1939 1793 2186 1994 1903 2079 1870 1950 2219 1816 1982 1963 1993 1980 2045 1888 2069 2177 2202 1928 2102 1687 1877 1966 1957 1789 2022 1996 1913 2033 1892 2056 2140 1891 1805 1874 1951 1889 1996 1898 2134 2062 2107 1935 1818 2015 2090 1935 1775 1813 1877 2132 2025 1959 1962 2053 1823
2132 1838 1945 2217 2147 2238 2237 1959 2095 2311 2257 1960 1946 2176 2025 1927 1942 2300 2138 1906 1973 2180 2072 2273 2298 2186 2193 2108 2091 2072 2056 2244 2074 2187 2186 2065 1949 2180 2093 2058 2046 2070 2295 2210 1880 2132 2131 1965 2123 2077 2161 2152 2042 2120 1858 2185 2156 2198 2031 2110 2239 2106 1916 2214 1949 1869 2009 2276 2058 2054 2033 2049 2101 2085 2124 2283 2161 1945 1905 2137 2088 2193 1989 1972 2070 2278 2118 1904 2084 2063 2047 1922 1964 2032 2335 2065 2086 2057 1983 1967
2022 1905 1943 2190 2212 2090 2291 1868 2068 2484 2282 1908 1731 1987 2027 2108 2072 2278 2047 1780 2038 1991 1926 2254 2131 2081 1992 1922 2223 2121 1979 2282 2228 2087 2223 2076 2069 2208 2094 2047 2144 2168 2278 1872 1941 2055 2272 1897 2275 2083 2182 2334 2139 2235 2123 2371 2239 1978 2042 1980 2291 2201 1952 2210 1921 1961 2117 2115 2031 2124 1987 2078 2130 1932 2098 2140 2178 1901 1822 2069 2028 2090 1914 2082 2171 2156 2052 1995 2168 2087 2005 2063 1866 2089 2217 2054 2121 1896 2143 2055
2117 1928 1738 2041 2205 2089 2023 2008 2195 2278 2289 1753 1773 2115 2138 1892 1957 2194 2117 1732 1890 1739 1947 2114 1995 2044 1980 1952 1968 1951 2008 1978 2174 2061 2338 2036 1976 1990 1906 1924 1910 2023 2132 1788 1834 2009 1926 1886 2120 1953 1959 2073 1870 1983 1970 1976 1855 1929 1927 1916 2048 1951 2093 2080 1981 1788 1890 2015 1987 2136 1898 1955 2058 1952 2028 1984 1868 1751 1727 1955 1956 1934 1844 1991 1974 2010 2103 1923 2034 2021 1970 1815 1783 1974 2227 1909 1952 1778 1962 1869
1738 1791 1658 2064 2009 1828 1831 1769 1811 2098 1969 1859 1748 1866 1790 1892 1855 2039 1964 1682 1825 1645 1813 2153 1952 1953 1729 1854 1906 1994 1725 2083 1864 1867 1981 1880 1735 1781 1763 1833 1770 1826 2020 1790 1786 1933 1782 1692 1989 1718 1716 1888 1795 1928 1873 1823 1844 1651 1858 1772 2002 1758 1785 1866 1589 1667 1888 1831 1686 1872 1839 1770 1963 1754 1748 1964 1772 1648 1606 1800 1861 1765 1605 1875 1738 2021 1812 1770 1817 1776 1790 1772 1757 1795 1824 1909 1990 1684 1803 1728
1961 2062 2053 2436 2357 2170 2245 1993 2206 2438 2389 1862 1908 2207 2104 2093 2078 2353 2115 1892 2155 2016 2139 2467 2260 2381 2103 2212 2256 2165 2080 2361 2265 2196 2383 2197 2008 2171 2012 2152 2157 2140 2366 2169 2092 2143 2152 2005 2244 2203 2218 2195 2054 2305 2078 2226 2169 2205 2203 1974 2241 1984 2060 2134 2106 1839 1982 2338 2077 2098 2075 2172 2166 1997 2102 2243 2152 1973 1886 2153 1987 1950 1804 2170 2159 2314 2277 2043 2122 2272 2199 2076 2050 2173 2311 2230 2169 2050 2189 1980
1828 1996 1913 2229 2177 2180 2194 1844 2113 2250 2259 1998 1877 2165 2133 2110 1966 2181 2212 1891 1870 1909 1907 2159 2157 2222 1916 2030 2101 2119 1801 2333 1953 2192 2237 1955 2068 1947 1964 2057 1875 2115 2167 1971 1907 2234 2119 2005 2227 1969 2172 2285 1976 2176 2034 2094 2216 2115 2007 2070 2260 2024 2085 2413 1997 1935 1925 2222 1914 2063 2151 1806 2056 1925 2156 2162 2057 1870 1931 1944 1983 2126 1896 2015 2135 2186 2212 1998 2203 2172 1854 2014 1919 2113 2275 2052 2194 1826 2275 2051
1966 1795 1786 2000 2143 1994 2020 1827 2007 2270 2128 1863 1961 1950 2036 1956 1826 2117 2168 1615 1926 1766 1740 2045 1991 1715 1889 1902 1847 2118 1668 2175 1924 2028 2047 1990 1979 1890 1905 1885 1887 1922 2047 1959 1918 2022 1948 1863 1961 1679 1885 2190 1709 1920 1883 2053 2001 1792 1681 1940 2186 1927 2013 2066 1857 1706 1895 1986 1888 2003 1895 1879 2046 2025 1766 2210 1790 1806 1633 1843 2008 1896 1657 1779 1913 1966 1978 1794 2169 1978 1809 1782 1949 1959 2070 2065 1910 1653 1891 1781
1779 1635 1617 1925 1855 1805 1866 1693 1862 1970 1930 1780 1706 1666 1754 1835 1769 1883 1811 1596 1687 1742 1746 1890 1936 1873 1694 1723 1740 1892 1660 2044 1908 1815 1930 1649 1703 1745 1571 1811 1868 1702 1854 1621 1698 2018 1803 1737 1862 1810 1818 1877 1629 1896 1631 1822 1864 1811 1741 1781 2062 1736 1895 1876 1612 1690 1805 1835 1730 1715 1858 1673 1869 1813 1766 1893 1738 1702 1591 1698 1728 1678 1683 1861 1847 1919 1866 1542 1899 1782 1603 1653 1698 1885 2033 1943 1776 1662 1836 1710
2119 2004 1897 2305 2094 2189 2014 1988 2013 2341 2336 1999 1860 2045 2195 1921 2086 2278 2122 1875 1883 1859 2037 2160 2052 2117 2070 2012 2114 2062 1970 2383 2116 2137 2174 2086 2090 2025 2088 1970 2032 2077 2155 2119 1977 2118 2212 2088 2131 1965 2102 2076 1942 2138 2030 2106 1942 1988 2047 2017 2358 2132 2124 2228 1888 1929 2017 2135 1958 2096 2114 1937 1965 2017 1972 2205 2004 1762 1888 2034 1856 2048 1872 1989 1908 2251 2170 1964 2131 2046 2047 1990 1967 2028 2212 1976 2094 1770 1918 1721
1825 1676 1663 1902 1913 1765 1812 1798 1822 2000 2075 1722 1750 2006 1930 1853 1715 1971 1726 1622 1687 1692 1865 1997 1924 2009 1779 1759 1861 1648 1659 1957 1839 1821 1980 1771 1811 1854 1765 1726 1690 1843 2022 1768 1685 1636 1991 1635 1803 1828 1855 2016 1840 1962 1664 1843 1924 1858 1849 1772 1950 1713 1456 1837 1769 1586 1773 1733 1848 1655 1708 1644 1879 1674 1947 1946 1769 1554 1680 1730 1754 1840 1597 1743 1787 1854 1893 1960 1937 1989 1732 1645 1520 1763 2065 1749 1787 1682 1739 1748
2135 1923 1985 2385 2225 2178 2194 2039 2066 2383 2427 1872 1823 2165 1964 2134 2052 2348 2265 1804 1931 1976 2083 2250 2281 2333 2077 1991 2035 2285 2015 2227 2265 2134 2252 2171 1970 2068 1877 2057 2126 2226 2268 2088 2047 2219 2102 2010 2203 2109 2085 2208 2148 2326 2307 2249 2076 2191 2214 1954 2233 2130 2074 2196 2055 2005 1960 2077 2059 2105 1976 1840 2248 1938 2004 2265 2113 1867 1873 2138 2033 2017 1907 2077 2230 2151 2176 1973 2257 2241 2214 2030 2203 2104 2202 2023 2067 1992 2293 1936
2082 2119 1984 2238 2124 2178 2179 1799 1957 2106 2368 1954 2002 2019 1982 1998 1985 2327 2066 1829 2056 1784 1914 2302 2221 2070 2048 2020 1957 2122 1871 2262 2149 2151 2252 2021 1827 2073 2113 1933 1933 2071 2079 1954 1950 2088 2131 2017 2183 2016 2155 2193 1996 2340 1876 2114 2074 1933 2111 1946 2317 1985 2076 2141 1964 1898 1969 2000 2046 1959 2004 1876 2127 1976 2054 2153 1923 1826 1802 1869 2032 1970 1880 2095 2089 2204 2127 1896 2071 2037 2201 1917 1900 1957 2243 2054 2011 1889 2098 1873
1784 1838 1804 2222 1870 1897 2018 1784 1945 2259 2047 1810 1547 2011 2041 1773 1679 2053 1807 1715 1729 1564 1727 1899 1889 1818 1842 1846 1881 1931 1768 2130 1774 2023 2035 1749 1928 1884 1774 1860 1909 2040 1921 1765 1891 1967 1924 1831 2021 1783 1887 2158 1631 2078 1952 2010 1923 1925 1737 1714 2037 1904 1773 1954 1653 1702 1786 2094 1744 2028 1900 1763 1780 1728 1849 1895 1858 1792 1790 1926 1743 1790 1865 1865 2041 1924 2006 1772 1982 1961 1789 1972 1651 1840 1959 1895 1887 1748 1883 1728
1776 1624 1638 1768 1835 1771 1852 1646 1812 1945 1898 1617 1475 1919 1635 1611 1742 2004 1902 1373 1702 1539 1565 1946 1737 1688 1612 1705 1861 1788 1674 1825 1789 1911 1938 1790 1719 1707 1592 1722 1593 1612 1923 1762 1640 1919 1727 1555 1791 1691 1751 2072 1577 1830 1668 2029 1685 1666 1643 1630 1884 1878 1770 1835 1675 1533 1841 1826 1617 1916 1749 1668 1913 1691 1842 1848 1651 1681 1622 1725 1720 1743 1517 1700 1861 1876 1858 1815 2026 1717 1835 1734 1671 1810 1828 1753 1668 1727 1711 1817
1761 1684 1692 2026 1878 1917 1832 1702 1807 1970 2114 1585 1578 1791 1811 1552 1831 2135 2015 1535 1732 1732 1588 1796 1865 1908 1880 1754 1794 1900 1690 1981 1887 1871 2031 1712 1706 1804 1786 1838 1640 1840 1851 1859 1658 1885 1984 1786 1775 1783 1747 1955 1895 1935 1820 1910 1820 1707 1822 1698 1864 1901 1862 2071 1582 1616 1779 1950 1771 1870 1875 1657 1882 1646 1763 1914 1896 1534 1538 1759 1822 1811 1599 1820 1813 1958 1934 1759 1990 1916 1853 1820 1753 1660 1944 1758 1785 1747 1807 1633
2164 2092 1939 2382 2176 2147 2199 2048 2117 2342 2422 2016 1897 2037 2105 2030 1965 2409 2370 1846 2220 1894 2029 2322 2266 2034 1935 2126 2034 2178 2067 2355 2260 2166 2385 2114 1966 1994 2147 2140 1942 2055 2300 2188 1869 2273 2231 1896 2138 1993 2200 2297 1870 2081 2110 2339 2218 2021 2131 2059 2256 2058 1986 2240 2025 1859 2089 2127 2070 2157 2212 2142 2209 2152 2106 2207 2071 1882 1923 2094 2226 2127 1885 2048 2061 2212 2216 2018 2216 2206 2103 2167 2063 2062 2175 2185 2111 2023 2152 2095
2030 2017 2005 2161 2207 1991 2170 1957 2098 2382 2067 1989 1852 2133 2159 2000 1949 2336 2053 1771 2106 1997 2094 2168 2260 2043 1999 2239 1991 2196 2071 2246 2092 2125 2253 1985 1972 2203 2039 2161 1962 2079 2254 1972 2011 2196 2203 1738 2271 2110 2123 2200 1966 2231 2101 1996 2125 1966 2018 2163 2327 2025 1835 2101 1800 1869 1964 2204 1909 2186 2072 2141 1926 2064 2013 2139 2103 1775 1942 2163 2109 1844 1849 2088 2175 2057 2127 1905 2048 2160 1996 1966 1935 2046 2121 2085 2133 1923 1949 1864
2182 2014 1981 2364 2264 2180 2306 2068 2215 2695 2441 2129 2008 2212 2126 2185 2017 2384 2237 1846 2071 2087 2052 2291 2325 2187 2012 2282 2150 2129 1973 2308 2220 2383 2274 2100 2236 2030 2128 2215 2061 2157 2419 2357 2078 2325 2241 2187 2236 2122 2223 2379 2040 2346 2158 2360 2127 2056 2137 2082 2420 2253 1985 2192 1925 1943 2172 2230 2091 2246 2156 2121 2290 1996 2189 2349 2149 2057 1964 2216 2034 2313 1954 2156 2194 2303 2294 2026 2294 2301 2302 2069 2220 2237 2442 2182 2192 2065 2144 1996
2159 2135 2145 2393 2231 2182 2134 2065 2252 2553 2366 2061 1951 2349 2279 2133 1948 2478 2202 1987 2157 2017 1947 2350 2381 2142 2060 2192 2079 2162 1850 2304 2139 2278 2369 2097 1957 2143 2086 2200 2148 2182 2266 2276 2061 2239 2366 1965 2217 2100 2210 2288 2057 2267 2254 2184 2061 2008 2125 2283 2286 2298 2138 2283 1962 2014 2259 2112 2096 2173 2116 2076 2129 2149 2138 2331 2043 2046 1811 2024 2212 2188 2040 2123 2237 2306 2351 2095 2359 2250 2146 2079 2116 2165 2478 2166 2266 2175 2200 1962
2168 2039 2147 2314 2276 2205 2267 2018 2248 2584 2290 2058 1983 2108 2342 2191 2162 2486 2288 1986 2110 2090 2124 2396 2282 2319 2127 2174 2329 2305 2161 2293 2254 2231 2338 2066 2039 2045 2202 2268 2208 2100 2365 2199 2072 2308 2439 2167 2409 2241 2269 2397 2075 2347 2250 2289 2348 2028 2258 2005 2432 2153 2154 2263 1983 1953 2232 2316 1969 2189 2122 1985 2356 2094 2085 2312 2078 2117 1848 2233 2201 2189 1957 2113 2209 2302 2275 2052 2357 2261 2239 2055 2292 2168 2491 2262 2278 2143 2197 2115
1731 1717 1765 1981 2011 1959 1987 1868 1872 2224 2199 1812 1563 2029 1877 1730 1826 2131 1966 1712 1884 1660 1701 1875 2058 1853 1812 1887 1797 1852 1848 2097 1950 1898 1984 1850 1901 1849 2038 1862 1876 1841 1949 1778 1814 1976 2029 1861 1899 1793 2000 1900 1884 1941 1904 1974 1914 1720 1921 1851 1991 1915 1612 2043 1747 1709 1801 1918 1776 1747 1890 1946 1973 1733 1854 2048 1832 1685 1737 1779 1881 1954 1681 1720 1874 1977 1876 1703 1954 1907 1718 1817 1746 1738 2061 1844 1774 1885 1974 1935
2168 1947 1975 2331 2198 2185 2201 2017 2201 2332 2254 2016 2052 2153 2243 2241 1882 2286 2090 1962 1922 1852 2053 2368 2321 2064 2260 2147 2188 2187 1931 2142 2062 2069 2238 2070 2182 2039 1994 1957 2074 1951 2294 2085 2090 2254 2168 2068 2302 1988 2175 2277 2035 2273 1860 2042 2132 2047 2104 2099 2083 2016 2073 2101 2035 1891 2031 2106 2044 2182 2080 2043 2277 1949 2179 2174 1979 1877 1908 1913 2147 2106 1875 1953 1983 2188 2077 2005 2211 2125 1997 1951 1931 2101 2387 2097 2094 1959 2115 2046
2075 1933 1839 2108 1829 2008 2030 1815 1867 2075 2397 1767 1834 1895 1907 1771 1858 2199 2059 1659 1836 1809 1881 2062 1991 1873 1890 1971 1850 2036 1949 2047 1923 2049 1946 2010 1972 1872 1943 1960 1878 1867 2161 1956 1740 1931 1955 1938 2015 1848 2071 1925 1775 1926 1856 2121 1929 1933 2032 1755 2157 2009 1846 1981 1843 1744 1833 1987 1972 2153 1989 1981 1973 1865 1908 1958 1980 1680 1674 1941 1849 1846 1933 1943 1970 2116 2097 1709 1958 2034 2019 1940 2058 1985 2066 1965 1953 2005 1890 1632
2072 1873 1954 1902 1998 1992 2093 1887 2042 2166 2147 1931 1729 1864 1950 1916 1731 2159 2027 1718 2075 1695 1929 2082 1927 1979 1739 1967 1720 2081 1961 2086 1977 2057 1988 1967 1863 1966 1874 1981 2001 1944 2025 1820 1802 1911 1877 1817 2186 1944 1992 2150 1766 1980 1952 2062 1996 1822 1925 1859 2202 1796 1801 2004 2038 1750 1863 1981 1853 2011 1743 2018 2000 2000 1966 2062 1961 1678 1901 1891 1954 1727 2022 2084 1980 2066 1879 1837 2067 1899 1920 1883 1788 1830 1913 1848 1959 1973 2161 1918
2419 2226 2406 2504 2432 2454 2410 2262 2421 2766 2642 2261 2224 2228 2411 2450 2374 2693 2525 2024 2138 2232 2348 2316 2377 2392 2386 2389 2354 2420 2094 2369 2558 2341 2353 2474 2360 2284 2403 2383 2269 2317 2389 2271 2164 2220 2444 2322 2524 2296 2398 2592 2253 2570 2351 2319 2451 2261 2400 2313 2738 2325 2162 2389 2138 2252 2501 2362 2173 2495 2300 2169 2408 2413 2319 2540 2301 2244 2088 2197 2322 2440 2056 2232 2316 2425 2446 2295 2541 2474 2405 2327 2195 2337 2562 2441 2401 2379 2457 2238
1882 1846 1915 2237 2095 1910 2007 1796 2015 2224 2116 1875 1831 1928 1950 1881 1914 2100 1945 1641 1774 1875 1869 2065 2162 1907 2046 1937 1898 1942 1804 2010 2040 2045 1967 1978 1857 1963 2074 1896 1924 1726 1935 1963 1738 1904 2120 1858 1942 1901 1967 2226 1967 2041 1858 2080 2022 1846 2019 1792 2043 2031 1742 1942 1793 1714 1946 2014 1887 2021 1938 1789 2073 1759 2009 1989 1923 1620 1711 1983 1903 1913 1822 1850 2033 2053 2046 1883 2159 1993 1967 1784 1831 1884 2137 1790 1891 1889 1995 1792
2291 2171 2276 2579 2446 2277 2314 2091 2152 2466 2535 2107 2116 2345 2173 2370 2278 2454 2195 2018 2279 1865 2169 2479 2394 2198 2170 2162 2183 2292 2150 2447 2227 2269 2426 2167 2149 2293 2132 2009 2236 2210 2450 2182 2160 2305 2371 2164 2167 2209 2290 2390 2171 2304 2234 2270 2307 2297 2218 2106 2336 2174 1919 2347 1975 1971 2200 2250 2068 2183 2178 2176 2206 2112 2172 2393 2115 1860 1971 2301 2212 2264 2004 2319 2149 2390 2182 2040 2372 2157 2165 2016 2115 2250 2558 2189 2255 2156 2204 2061
2066 1858 2027 2375 1999 2165 2342 2038 2194 2370 2348 1986 1901 2227 2191 1893 1885 2431 2119 1827 1995 2031 1956 2310 2258 2113 1981 2088 2156 2056 2155 2339 2126 2131 2172 2095 2063 2184 2125 2033 2127 2069 2350 2126 1935 2206 2138 2084 2332 2091 2340 2248 1983 2253 2102 2325 2151 2115 2183 1966 2309 2124 1878 2202 1853 1754 2117 2193 2175 2121 2115 2118 2024 2109 1977 2220 1973 2000 1957 2160 2053 2115 1971 1997 2137 2345 2114 1981 2064 2134 2124 2085 1985 2026 2255 2082 2049 2010 2000 2091
1759 1790 1769 2094 2109 1889 2005 1807 2008 2123 2216 1867 1816 2028 1938 1876 1858 2142 1790 1912 1783 1818 1937 2080 2066 2116 1846 2086 2014 1836 2020 2000 2039 2003 2046 1985 1888 1973 1757 1884 1913 1936 2003 1947 1971 1987 2015 1796 2056 1956 1972 2075 1843 2215 1925 1947 2020 1936 2007 1821 2100 1906 1800 1941 1743 1757 1822 2180 2037 1882 1807 1851 1932 1787 1937 2140 1919 1888 1850 1878 1869 1836 1728 1828 1887 1876 1923 1966 1862 2000 2022 1868 1904 1852 2093 1976 1905 1864 1988 1635
2185 2136 2019 2330 2291 2168 2205 2023 2266 2389 2291 2123 1979 2266 2274 2041 1845 2307 2312 1890 2059 1892 1953 2234 2244 2058 2071 2090 1780 2293 1780 2289 2060 2264 2349 2115 1963 2111 1938 2229 2117 2116 2383 2166 2079 2104 2305 1842 2231 2104 2169 2215 2012 2155 2018 2215 2134 2146 2031 2154 2184 2012 1978 2089 2008 1909 1997 2132 2095 2256 2069 2003 2224 1976 2230 2116 2090 1921 1943 2113 2299 2100 1965 2060 2193 2194 2123 2124 2256 2278 2147 2045 1937 2122 2463 2086 2013 2025 2255 2093
1737 1840 1711 1841 2014 1863 1920 1602 1807 2028 2021 1719 1677 1794 1808 1874 1611 2008 1851 1587 1708 1565 1679 2012 1911 1803 1781 1594 1958 1897 1726 1980 1723 2049 2012 1897 1641 1857 1729 1731 1931 1847 1981 1736 1758 2021 1817 1760 1935 1669 1949 1997 1890 1995 1726 2078 1955 1737 1854 1911 2114 1674 1889 1891 1748 1606 1682 1811 1755 1886 1716 1742 1839 1712 1786 1952 1829 1684 1730 1519 1799 1748 1538 1703 1832 1980 1872 1777 2061 1919 1663 1737 1715 1864 1975 1861 1802 1618 1852 1715
1778 1794 1859 1885 1965 1850 2018 1831 1928 2027 2060 1602 1636 1880 1958 1843 1641 2158 1843 1661 1818 1738 1923 1919 1910 1761 1695 1953 1896 1881 2057 1947 1955 1929 2027 2004 1778 1999 1863 2039 1883 1973 2050 1763 1725 1834 1851 1638 1884 1835 1848 1920 1664 1672 1815 1828 1991 1895 1926 1943 1976 1848 1664 2065 1736 1894 1772 1896 1650 1894 1756 1928 1618 1768 2066 1900 1909 1652 1603 1863 1783 1813 1727 1823 1772 1797 1884 1738 1740 1795 1823 1907 1637 1797 1945 1998 1875 1728 1834 1686
2090 1855 1911 2208 2055 2062 2281 1881 2034 2394 2203 2081 1952 2081 1993 1937 1842 2268 1915 1783 1987 1848 1975 2162 2104 2053 2091 2048 1901 2146 1943 2186 2090 2154 2028 1887 1939 1990 1950 2086 2170 2015 2133 1989 1873 2101 2064 1930 2150 2152 2115 2158 1985 2268 1821 2094 1929 1912 2133 2041 2165 2021 1931 2060 1718 1965 1844 2035 1910 2074 2008 1930 1956 1782 2146 1994 2059 1870 1927 2206 2082 1938 2019 2057 1968 2182 2039 1876 1944 2008 1942 2008 1898 1875 2283 1973 2007 1851 2014 1957
2115 1922 2043 2293 2189 2144 2220 1951 2126 2548 2441 1893 1858 2158 2162 2077 2063 2358 2163 1834 2032 1813 2158 2139 2281 2139 2060 2013 2099 1998 2017 2325 2146 2191 2008 2084 1954 2207 1945 2037 2070 2257 2113 2003 1896 2117 2189 1907 2113 1991 2179 2286 1955 2248 2176 2151 2006 2104 2183 2012 2378 2218 1953 2197 1900 1740 1931 2134 2167 2225 1802 2026 2088 1940 1987 2320 2040 1826 1847 2126 2156 1889 1884 2203 2256 2264 2219 1936 2119 2296 2124 1922 1951 1925 2167 2172 2083 1967 2041 1860
2012 2104 2077 2216 2288 2351 2308 2023 2009 2458 2435 2018 2041 2237 2120 2131 2025 2441 2136 1852 2050 1960 2023 2359 2182 2295 1949 2049 2185 2183 2054 2315 2040 2239 2304 2212 2075 2363 2166 2002 2076 2204 2417 1966 2122 2155 2238 1959 2279 2096 2254 2279 2119 2206 2017 2364 2264 2095 2214 2184 2321 2206 2023 2211 1831 1886 2031 2004 2027 2147 2000 2073 2142 1967 2046 2278 2270 1907 2006 2006 2215 1967 2012 2084 2309 2265 2309 2094 2253 2214 2067 2081 2017 2160 2288 2046 2098 1950 2031 1979
2125 2047 2005 2459 2275 2178 2328 2184 2248 2545 2431 2004 1746 2345 2317 2117 2072 2464 2135 1899 2086 2072 2083 2380 2335 2260 2162 2286 2205 2150 2234 2208 2263 2327 2454 2212 2086 2279 2093 2221 2083 2251 2340 2163 2009 2250 2236 2039 2362 2290 2271 2393 2186 2472 2356 2336 2340 2220 2242 2299 2375 2122 2003 2322 2057 2155 1972 2270 2072 2275 2032 2126 2309 2020 2203 2309 2203 1974 1968 2171 2063 2196 1996 2134 2331 2365 2299 2168 2198 2367 2280 2070 1913 2099 2418 2214 2145 2090 2341 2076
2043 1902 1870 2093 2401 1971 2067 1796 2091 2213 2241 1753 1770 1964 1885 1989 1938 2071 2173 1687 2080 1843 1940 2297 2180 2033 2021 1956 1963 2144 1990 2227 2191 2100 2042 2033 1914 2068 1905 2088 1884 1991 2157 2063 2075 1890 2220 1797 2208 1908 2112 2183 1977 2177 2076 2068 2079 1973 2100 1964 2158 1996 1979 2079 1972 1900 1959 2179 1867 1900 1842 1967 2160 1944 2116 2280 1997 1732 1852 2075 2090 1987 1810 1831 2019 1959 2103 1835 2272 2009 2128 1924 1910 1956 2199 2141 2021 2007 2132 1903
2048 1733 1836 1996 2112 2012 1875 1904 1999 2341 2021 1798 1805 1954 2080 1940 1880 2249 2073 1809 1987 1711 1754 2158 2029 1948 1865 1742 1824 2026 1859 2071 1948 1964 2107 1910 1742 1942 1893 1938 1836 1863 1863 1915 1859 1955 1992 1940 2052 1893 2006 2176 1960 1970 1916 1971 2034 1858 1860 1985 2245 2011 1925 2045 1837 1614 1876 1751 1961 1915 1915 1836 1908 1946 1896 2109 1861 1762 1704 1886 1965 1807 1743 2015 1862 2052 1987 1751 2105 2067 1919 1868 1754 1981 2094 1846 1985 1762 1933 1841
2031 1783 1730 2039 2036 1975 2128 1809 1911 2206 2114 1912 1848 2003 1855 1884 1696 2073 1920 1620 1847 1565 1820 1983 1962 1852 1819 1924 1857 2146 1776 2107 1918 1940 2057 1801 1837 1893 1810 1714 1871 1883 2083 1913 1751 2049 1877 1907 1844 1911 1967 2155 1799 2004 1833 2155 1912 1848 1878 1888 1978 1780 1719 2093 1833 1767 1797 1998 1984 1948 1948 1874 1822 1794 1997 1975 1943 1683 1921 1892 1988 1950 1711 1907 1873 2022 1948 1944 1986 2006 1862 1793 1826 1855 2128 1993 1967 1735 1892 1906
1965 2021 1838 2153 2400 2140 2113 1945 2129 2187 2339 2003 1864 2051 2154 2109 2100 2301 2072 1887 1914 1952 2031 2300 2050 2233 2030 2003 2168 2092 2006 2296 2099 2294 2362 2036 2048 2128 1971 2097 2006 2062 2300 1961 2106 2057 2319 1988 2234 2062 2126 2153 2104 2145 2069 2069 2104 1944 2082 2125 2254 2187 2085 2404 1797 2032 2111 2168 1873 2147 2046 1783 2109 2003 2022 2183 2065 1865 1894 1873 2021 2101 1775 2102 2061 2107 2051 2056 2128 2010 1932 1896 1859 2036 2248 1944 2172 1905 2036 1891
1848 1871 1957 1983 1943 2123 1979 1827 1945 2279 2171 1854 1721 2032 1826 1893 1930 2094 2005 1718 1913 1827 1931 2002 1981 1964 1908 1929 2006 2025 1899 2101 2061 2016 2023 1825 1855 1976 1795 1907 1830 1954 1930 1748 1827 1906 2149 1689 2074 2013 2021 2073 1928 2113 1885 1983 2072 1790 1967 1909 2165 2037 2027 1887 1719 1827 1914 1967 1729 2051 2024 1933 1787 1966 1858 2105 2090 1714 1913 1968 2017 1826 1948 1820 2123 1855 2039 1708 2081 1816 1880 1935 1831 1880 2208 1904 2078 1913 2011 1758
1867 1867 1976 2113 1990 1961 2099 1982 1905 2277 2071 1887 1783 2003 1843 2007 1694 2164 2056 1834 1967 1758 1975 2124 2109 1887 1857 2070 1830 2145 1879 2110 2021 2015 2034 1946 1889 1942 1974 1979 1859 1944 2036 1981 1865 1901 1845 1926 2132 1979 2021 2170 1736 2064 1936 1893 2088 1992 2014 1936 2248 1923 1731 2076 1785 1786 1957 1851 1894 1954 1895 1990 2109 1983 2004 2133 1873 1791 1806 1907 2109 1903 1915 1989 1955 2075 2003 1798 1943 2026 1976 1997 1846 1788 2031 2103 1924 1964 1981 1899
2122 2024 1898 2190 2214 2199 2139 2004 2236 2609 2315 2031 1945 2204 2011 2205 1982 2283 2299 1827 2070 2009 1945 2325 2279 2109 2187 2071 2109 2351 1805 2338 2202 2130 2320 2007 2081 2070 1931 2012 2169 2134 2218 2014 2043 2231 2236 2057 2218 2127 2155 2423 2037 2304 2053 2191 2057 1988 2152 1972 2377 2261 2248 2149 2051 1923 2319 2140 1954 2187 2028 1938 2368 2034 2194 2194 2018 1968 1855 2085 2175 2059 2043 2136 2124 2233 2218 1992 2404 2142 2040 2009 1972 2138 2471 2155 2181 1959 2332 2014
2162 2125 1996 2474 2383 2194 2233 2016 2280 2630 2446 2017 1985 2329 2188 2167 1989 2460 2242 1785 2145 2053 2088 2389 2453 2106 2246 2238 2133 2245 1956 2404 2410 2268 2397 2086 2089 2152 2096 2056 2211 2148 2226 2085 2127 2288 2412 1963 2289 2188 2248 2371 2094 2329 2090 2315 2209 2172 2168 2171 2297 2253 2145 2229 2011 2019 2221 2225 2127 2203 2116 2066 2243 2093 2136 2230 2063 1999 2026 2229 2221 2162 2063 2122 2330 2237 2232 2154 2431 2112 2230 2058 2051 2177 2552 2232 2151 2068 2206 2070
1935 1946 1905 2269 1999 1914 2117 1884 1982 2037 2140 1926 1683 1953 2163 1926 1887 2148 1815 1775 1877 1761 1770 2160 2059 1885 1731 1938 1803 1950 1923 2240 1939 1800 2313 1908 1833 2048 1944 1971 1793 1969 2070 1859 1849 2053 2099 1792 2044 1984 2013 2078 1874 2172 2101 2101 2100 1879 1947 1935 1986 1815 1773 2013 1745 1797 1898 1999 1944 1959 2104 1848 1838 1879 1983 2011 1854 1881 1677 1802 1912 1847 1689 1986 2083 2004 2190 1754 2045 2101 1927 1942 1733 1953 2075 1921 1880 1808 1912 1817
1940 1877 1756 2051 1879 1979 1943 1780 1984 2182 2140 1871 1756 1900 1979 1925 1847 1977 2047 1698 1879 1591 1877 2094 1960 1871 1889 1795 1759 1897 1726 2057 1974 2191 2093 1748 1812 1912 1645 1838 1813 1960 2106 1844 1766 1904 1982 1810 1957 1847 1910 2083 1717 1867 1799 2038 1949 1778 1710 1930 2107 1897 2003 2111 1713 1586 1817 1823 1954 1915 1863 1744 1911 1815 1856 2048 1853 1562 1731 1874 1960 1885 1812 2129 1887 2014 1898 1867 1857 1967 1799 1721 1839 1853 2007 1999 1966 1774 1741 1861
1991 1882 1855 2003 2151 2028 2107 1759 1944 2246 2016 1802 1653 2063 1931 1997 1750 1991 2129 1806 1885 1703 1887 2081 1975 1888 1748 1811 1794 2077 1755 1930 1987 2015 2139 1829 1849 1944 1857 2143 1857 2064 2139 1991 1911 1942 1988 1697 2106 1970 1942 2029 1778 2188 1994 2055 2033 1775 1819 1795 2057 1952 1828 2020 1733 1709 1803 1911 1774 1968 1847 2078 2154 1863 2006 1975 1944 1723 1584 1888 2025 2039 1774 2070 2102 1974 2050 1774 2084 1895 1905 1736 1855 1829 1997 1997 1955 1837 1862 1762
2017 1806 1868 2079 2164 2019 2018 1674 1959 2335 2182 2001 1899 1878 1910 2076 2058 1980 1921 1783 1925 1758 1863 2080 1966 2033 1909 1862 1856 1996 1894 1977 2033 2077 2060 1919 1909 1964 1832 1796 2095 1934 2089 1882 1912 1958 2046 1827 2120 1839 2027 2300 1928 2164 1912 2141 2083 1754 1890 1880 2112 1962 2006 1992 1770 1799 1832 2080 1869 1957 1769 1793 2004 1765 1977 2008 1941 1770 1823 1985 2054 1932 1869 1835 2017 1956 1976 1988 2169 1930 1948 1709 1982 1873 2051 1830 1954 1686 1948 1729
1923 1739 1739 1893 1980 1987 2063 1734 2059 2164 2309 1774 1620 1898 1934 1873 1924 2014 1920 1599 1937 1750 1816 2154 2029 2008 1690 1754 1895 1829 1809 2073 2076 1951 1951 1873 1884 1852 1859 1782 1914 1702 1992 1812 1806 2026 2019 1918 2067 1762 1984 2108 1773 1889 2020 1876 1681 1785 1789 1847 2016 2046 1998 2022 1882 1793 1840 1949 1950 1824 1809 1775 1980 1819 1831 2073 1780 1732 1719 1780 1713 1847 1721 1870 1883 2002 1976 1817 1954 1965 1668 1696 1837 1827 2030 1742 1944 1688 1967 1937
2185 2188 2136 2448 2272 2245 2395 2069 2298 2486 2472 2265 2154 2071 2322 2306 2040 2440 2220 2127 2061 1873 2296 2292 2142 2274 2136 2086 2330 2292 2035 2335 2323 2313 2548 2148 2134 2132 2101 2312 2108 2139 2405 2038 2017 2264 2294 2166 2272 2248 2173 2549 2036 2360 2073 2318 2281 1992 2070 2096 2440 2252 2075 2375 2086 2040 2115 2223 2159 2357 2205 2055 2264 2084 2377 2267 2181 1998 1945 2167 2286 2062 2114 2334 2121 2306 2235 2174 2239 2245 2202 2054 2089 2158 2308 2232 2234 1993 2223 2125
2264 1949 1907 2215 2176 2123 2130 1949 2260 2402 2244 1956 1879 2193 2174 2071 1919 2218 2283 1827 1966 1847 2003 2329 2045 1996 1986 2096 2017 2139 1924 2179 2128 2170 2173 2010 2053 2023 1872 1964 1973 1901 2235 2010 2032 2104 2191 1890 2216 2080 2237 2284 1874 2071 2035 2161 2043 1970 1969 2148 2183 2156 2089 2116 1986 1794 2051 2156 2052 2187 1967 1869 2108 2010 2057 2210 1933 1844 1972 2104 1977 2080 1838 2063 1978 2159 2111 1889 2155 2088 2094 1945 1888 2051 2279 2101 2118 1955 1998 2007
2002 1695 1942 2036 1920 1901 2184 1868 2032 2134 2189 1860 1903 2049 1964 2001 1768 2128 1964 1813 1885 1990 1850 2039 2166 2014 2018 2085 2028 2077 1844 2150 1989 1978 2028 1965 2160 1971 1999 1887 1951 2003 2051 2031 1915 2078 2086 2065 2066 1897 2066 2205 2029 2187 2061 2066 2068 1963 2072 1780 2225 1979 1828 2215 2015 1834 1917 2108 1956 1940 1898 1922 2085 1817 2023 2105 1988 1735 1893 1827 1969 1840 1877 1946 2034 1978 1963 1996 2112 2197 1924 1885 1919 1975 2141 2062 2049 2031 2015 1829
2367 2302 2230 2497 2328 2206 2431 2099 2456 2536 2618 2111 2042 2171 2234 2253 2208 2495 2329 2058 2294 2138 2104 2438 2441 2254 2114 2277 2135 2315 2357 2572 2422 2290 2564 2237 1984 2298 2271 2150 2269 2239 2384 2194 2166 2276 2253 2107 2304 2218 2350 2516 2121 2254 2414 2183 2218 2345 2288 2175 2512 2349 2173 2302 2114 2001 2260 2276 2122 2092 2156 2163 2228 2242 2243 2394 2245 2039 2082 2316 2229 2194 2041 2301 2254 2280 2313 2147 2280 2403 2185 2183 2257 2304 2469 2197 2226 2079 2133 2152
1893 1721 1838 2063 1964 1859 1950 1692 1868 2099 2102 1768 1722 1824 1849 1824 1948 2148 1905 1612 1851 1636 1691 1885 1968 1859 1825 1831 1806 1871 1909 2007 2026 1800 1879 1792 1710 1942 1836 1718 1775 1918 1927 1925 1770 1897 2054 1762 1985 1864 1999 1974 1875 2032 1954 1906 1821 1737 1984 1853 2089 1935 1835 2012 1569 1663 1802 1951 1604 1598 1778 1743 1803 1885 1683 2078 1823 1558 1660 1929 1894 1879 1671 1622 1814 1994 1930 1766 1971 1909 1875 1726 1803 1767 2130 1830 1871 1806 1844 1661
2148 2181 2057 2255 2178 2129 2156 1958 2136 2447 2298 2056 1993 2082 2161 2163 2053 2424 2168 2036 1980 2029 2177 2329 2040 2067 1988 2230 2057 2155 2129 2333 2277 2254 2286 2203 2002 2151 2116 2121 2102 2068 2191 2036 2066 2063 2280 1919 2217 2146 2113 2414 2070 2091 2143 2291 2183 2114 2208 2127 2437 2222 2091 2117 1976 1855 2232 2142 2033 2146 2092 2048 2069 2036 2090 2259 2307 1849 1946 2151 2005 1975 1996 2081 2127 2257 2218 1949 2200 2163 2296 2140 1974 2109 2278 2117 2022 2061 2120 1838
1865 1816 1711 2158 2085 1910 1988 1814 1977 2138 2016 1653 1810 1858 1987 1739 1788 2152 1960 1590 1919 1681 1750 2146 1990 1752 1903 1820 1902 2009 1893 2058 1954 2010 2096 1868 1705 1853 1959 2008 1886 1917 2122 1811 1840 1865 1874 1720 2033 1836 2042 2035 1812 2055 1828 1857 1908 1764 1976 1780 2039 1893 1761 1821 1693 1662 1862 1772 1711 1951 1790 2000 1913 1681 1967 1853 1815 1643 1650 1945 1984 1867 1642 1790 1816 1901 2001 1798 1834 1959 1937 1809 1721 1856 2100 1913 1947 1651 1779 1748
1733 1783 1672 2004 1929 1979 2061 1847 2006 2106 1982 1870 1748 2035 2067 1806 1628 2258 2031 1728 1773 1791 1791 2131 2041 1849 1814 1865 1852 2082 1820 2311 1940 2037 2152 1858 1747 1818 1847 1925 1906 2081 2089 1794 1904 2005 1933 1795 1921 1997 1949 2029 1872 2010 1885 2012 1904 1980 1980 1871 2144 1922 1917 2082 1943 1563 1931 1870 1900 1872 1998 1962 1880 1805 1903 1849 1982 1730 1710 1941 1964 1779 1786 1901 2073 2085 1930 1884 1897 2053 1906 1894 1827 1972 2177 1910 1940 1694 1864 1819
2008 2005 1965 2160 2121 1977 2108 1907 2050 2435 2249 1952 1796 2092 1943 1937 1826 2262 1987 1830 1968 1760 1830 2090 2148 2178 1904 1970 2045 2048 1936 2061 2064 2123 2226 2097 1926 2189 2069 2031 1956 2112 2175 1970 1940 1883 2056 1799 2177 1933 2204 2119 1816 2254 2025 2199 1958 1828 2066 2046 2222 2057 1784 2066 1800 1780 1959 1962 1868 1895 1782 2108 1998 1915 1898 2068 1994 1863 1751 1935 2023 2050 1766 1982 2085 2106 2083 2047 2088 2069 2076 1982 1823 1881 2099 1969 1916 1780 1905 1854
2059 2023 1968 2304 2267 2163 2214 2094 2279 2386 2395 2063 1948 2341 2374 1993 2050 2352 2265 1975 2112 2039 2096 2386 2308 2197 2107 2171 1973 2082 2156 2397 2111 2283 2335 2268 2045 2059 2168 2205 2270 2182 2311 2191 1977 2158 2129 2060 2223 2070 2272 2307 2006 2207 2183 2235 2157 2158 2100 2151 2324 2123 1913 2303 1985 1971 1985 2317 2278 2209 2213 2177 2058 1971 2172 2292 2084 1947 1787 2123 2102 2242 1794 2178 2176 2313 2175 2008 2185 2242 2144 1900 2054 2076 2347 2181 2051 2080 2204 1915
2067 1696 1956 2195 2137 2012 2287 1875 1990 2275 2145 1883 1808 1902 2151 1960 2058 2307 2069 1755 1933 1918 1868 2186 2069 2075 1979 1941 2076 2075 1931 2283 2246 1925 2107 1930 2046 2022 2089 2013 2004 2017 2180 2029 1912 2166 2133 1945 2129 2006 2093 2339 2021 2098 2137 2220 2029 1991 2050 1727 2242 2013 1899 2159 1837 1759 2066 2085 1993 2071 1984 1854 2110 1928 1999 2180 1967 1752 1788 2008 2034 1864 1808 1963 1876 2072 2150 1984 2122 2201 1974 1927 1997 2034 2146 2016 2112 1873 1957 1930
1952 1925 1828 2099 2055 2060 1991 1962 1990 2149 2117 2125 1793 2077 1930 1881 2096 2143 2116 1795 1877 1634 1890 2203 1988 2002 1804 2022 1959 1969 1837 2096 2152 2183 2076 1991 1925 1949 1855 1877 1827 1952 2101 1887 1822 2057 2159 1715 1963 2013 1960 2100 1839 1908 1949 2120 1940 1768 1910 1977 2028 2031 1977 2144 1810 1752 2046 1898 1871 1993 1978 1770 2054 1917 2004 2155 1934 1749 1872 1927 1983 1933 1776 1976 1960 2112 1986 1873 2038 1783 1982 1822 1793 1982 2222 1995 2042 1928 1946 1894
2005 1959 2019 2333 2261 2062 2035 1998 2193 2550 2115 1949 1892 2168 2195 2067 1835 2255 2131 1893 1935 1989 2113 2163 2101 2318 2037 1950 2079 2171 2020 2214 2070 2106 2136 2022 1961 2060 1935 2243 2087 2171 2196 1992 2066 2012 2213 1768 2214 2148 2105 2207 2010 2124 2054 2073 2229 2138 2157 1999 2291 2082 1873 2053 1821 1873 2127 1890 1844 2038 1934 1932 2096 1945 2049 2133 2155 1957 1852 2224 2110 2018 1932 2019 2131 2151 2090 1927 2181 2088 2073 2200 1959 1980 2271 2094 2028 2117 2082 1860
2329 2142 2300 2507 2226 2339 2141 2093 2367 2659 2581 2221 2082 2328 2463 2274 2267 2494 2167 2034 2032 2058 2209 2528 2376 2183 2218 2271 2273 2208 2264 2381 2474 2411 2396 2154 2326 2305 2189 2209 2160 2194 2382 2173 2142 2235 2534 2280 2219 2237 2413 2332 2108 2338 2189 2397 2186 2096 2117 2216 2452 2110 2130 2388 2025 2064 2236 2368 2314 2466 2142 2126 2155 2258 2245 2397 2202 2040 1918 2198 2124 2131 2195 2462 2272 2397 2261 2149 2237 2076 2230 2140 2246 2216 2433 2327 2449 2129 2173 2042
2069 1978 1948 2279 2214 2096 2223 1897 2281 2438 2303 1941 1865 2143 2157 1950 2016 2289 2208 1855 1977 1938 1947 2198 2093 2226 2049 2000 2256 2113 2007 2354 2138 2105 2306 2068 2034 2070 2081 2102 2043 1961 2284 2076 2095 2237 2121 1932 2259 1974 2070 2300 1930 2155 2092 2062 2078 1951 2034 1966 2171 2123 1960 2082 1771 1807 2042 2191 1930 2104 2039 2102 2189 1887 1934 2174 2049 1929 1879 2087 2080 2197 1858 2081 1947 2148 2163 2073 2170 2192 1943 2046 2028 1960 2148 2120 2122 1903 1939 1950
2095 1911 1869 2316 2012 2056 2129 2029 2032 2248 2361 2009 1815 2027 2007 1856 1971 2432 2075 1702 1933 1858 2013 2213 2237 2170 2040 2046 2102 2209 2147 2233 2110 2047 2104 2135 1956 2091 1893 2079 2011 2124 2109 2077 1867 2036 2142 1974 2171 1941 2176 2182 1943 2184 1987 2243 2076 1960 2111 1864 2233 2037 1973 2102 1791 1773 2087 2093 2168 2161 1956 1936 2005 1998 2072 2253 2001 1820 1847 2077 2013 1964 1822 2078 2034 2197 2060 1925 2151 1926 2105 1996 1959 1930 2116 2141 2086 2065 1916 1931
1979 1869 1931 2227 2092 1907 1938 1733 2014 2212 2197 1761 1864 2022 1897 2041 1826 2096 1936 1856 1854 1785 1886 2048 2019 1980 1836 1825 1880 2056 1838 2214 1877 2037 1990 1989 1867 1959 1777 1905 2112 1843 2074 1820 2039 1928 2077 1834 2037 1817 2011 1970 1948 1964 1889 1944 2031 2085 2030 2016 2084 1972 1754 1943 1694 1784 1890 2019 1754 1927 1839 1878 1830 1792 1842 1958 1997 1728 1785 1929 1858 1809 1791 1934 2025 2079 1849 1738 2089 1991 1936 1872 1797 2016 2225 1915 1793 1793 1990 1749
1832 1937 1869 2222 1990 1926 2158 1772 2157 2244 2269 1989 1703 1938 2121 1992 1701 2078 1939 1781 1854 1871 1998 1968 2007 1999 1912 1900 1881 1938 1942 2229 2072 2090 2284 1977 1826 1833 1770 2183 2068 2019 2239 1855 1875 2103 2018 1871 2126 1915 1993 2077 1891 1998 1827 1997 1943 1913 1872 2149 2180 1965 1962 2061 1857 1996 1916 2193 1841 2110 1985 1800 1834 1824 2041 1924 1930 1878 1901 1996 2053 1908 1888 1864 2115 2138 1879 1932 1987 2075 1966 1791 1866 1918 2232 2033 1870 1831 2078 1972
2158 2078 2127 2399 2301 2179 2191 1898 2217 2504 2513 2015 1893 2149 2392 2219 2227 2436 2296 2021 1970 1889 2125 2355 2304 2031 2217 2083 2163 2258 2169 2228 2226 2262 2322 2284 2154 2245 2065 2269 2104 2114 2340 2104 2025 2254 2189 2062 2314 1975 2066 2288 2043 2249 2153 2167 2162 2062 2081 2162 2307 2277 2147 2326 1880 2085 2049 2258 2075 2419 2115 2107 2188 2090 2176 2225 2175 2003 1706 2103 2164 2065 2007 2163 2123 2342 2182 1907 2085 2147 2126 2196 2037 2068 2307 2271 2217 1868 2251 1964
2051 2071 1979 2242 2221 2233 2091 2112 2169 2373 2342 2105 1762 2191 2101 2048 1997 2224 2057 1949 1999 1914 1954 2324 2167 2187 2014 2172 1985 2186 2049 2135 2095 2074 2335 2002 2034 2074 2088 2032 1936 2052 2095 1957 1975 2188 2195 2074 2205 2217 2181 2147 2008 2292 2134 2241 2197 1933 2068 2135 2350 2091 2087 2165 2038 1947 2063 2172 2003 2081 2088 2026 2216 1996 2171 2279 2129 1969 1841 1911 1977 2123 1903 2092 2116 2285 2356 1877 2060 2119 2153 2019 2003 2105 2335 2059 2163 2130 2277 1832
1765 1770 1656 1939 1987 1790 1793 1801 1818 2070 1990 1834 1756 1965 1800 1888 1669 2092 1914 1747 1812 1654 1842 1996 1934 2000 1785 1944 1595 1927 1605 1999 1881 1982 2088 1869 1766 1693 1761 1833 1938 1906 1938 1790 1827 1802 1922 1858 1935 1855 1888 1894 1763 2050 1740 1850 1829 1900 1830 1941 2068 1865 1690 1903 1794 1643 1911 1875 1751 1754 1845 1899 1902 1696 1873 1913 1810 1646 1822 1731 1791 1694 1701 1775 1901 2026 1740 1787 1983 1963 1808 1626 1751 1887 2160 1910 1858 1806 1938 1809
