2055 1770 1847 1995 1888 1857 1780 2076 1864 2060 1988 1852 2039 1816 1910 1747 1907 2032 1951 1937 1933 1843 1985 1778 1857 2164 1827 1946 1853 1903 2251 1699 1921 1820 1982 1980 2002 1940 1692 1850 1853 1743 1825 2064 2128 2023 1945 1566 2086 1597 1600 2054 1997 1942 1752 1888 1946 1772 2052 1718 1991 1801 1795 1807 2120 1757 2186 2028 1889 1819 2171 1881 1883 2040 1848 2028 2102 2083 1756 1915 1780 1908 1879 1732 1905 1790 1843 2088 1928 1931 1953 1726 2146 1953 1947 2023 2012 2239 1952 1925
2236 1935 1984 2298 1778 1978 1977 2262 1899 2053 2091 2073 2038 2010 1972 2211 2071 2254 2218 2020 2109 1953 2181 2112 2058 2266 2020 2270 1978 2046 2246 1826 2106 2007 2123 2173 2072 2195 1866 2094 1939 1994 2233 2158 2234 2330 2063 1800 2181 1791 1706 2223 2014 2094 1962 1859 2199 1866 2396 1931 2020 1981 2120 2074 2168 2014 2224 2173 1925 1932 2153 2014 2093 2085 2054 2047 2132 2201 2024 2028 1873 2179 1978 1932 2179 1806 1886 2118 2128 2128 1947 1942 2194 2164 2083 2244 1987 2312 2178 1915
1884 1663 1849 2044 1754 1814 1789 1967 1423 1751 1972 1962 1907 1557 1863 1849 1709 1844 1908 1870 1740 1752 1846 1838 1804 1995 1739 2045 1736 1768 2105 1545 1766 1823 1946 1940 1672 1800 1724 1768 1831 1672 1896 1988 2057 2017 1868 1604 1986 1489 1622 2046 1918 1996 1752 1629 1884 1785 2027 1576 1820 1806 1904 1784 1967 1925 1961 1846 1697 1726 1809 1786 1819 1994 1826 1925 1908 1881 1668 1804 1765 1967 1917 1586 1736 1783 1721 1873 1914 1852 1736 1655 1896 1886 1852 2090 1792 2043 1944 1661
2444 2197 1959 2654 2187 2323 2189 2265 2000 2209 2483 2287 2366 2077 2305 2343 2300 2363 2282 2139 2176 2133 2423 2117 2127 2421 1995 2375 2115 2307 2664 2119 2093 1992 2377 2331 2308 2228 2079 2160 2214 2219 2370 2512 2516 2360 2221 2042 2494 1738 2070 2361 2382 2274 2060 2051 2411 2176 2517 2150 2188 2159 2337 2228 2420 2262 2344 2537 2162 2119 2235 2057 2219 2239 2186 2321 2406 2420 2071 2222 2122 2314 2177 2128 2305 1936 1955 2453 2191 2063 2053 2037 2504 2435 2267 2456 2233 2631 2315 2081
2045 1649 1809 2041 1724 1718 1894 2191 1693 2022 2249 1954 2115 1732 1932 1944 1892 1990 2037 1865 1986 1648 1850 2041 1919 2123 1828 2080 1947 1886 2216 1852 1909 1816 1895 2069 1812 1950 1710 1703 1691 1777 1955 1921 2131 2121 2059 1774 2030 1512 1659 2098 1916 1832 1836 1698 2117 1906 2024 1577 1875 1814 1960 1839 2066 1918 1944 2001 2130 1841 2035 1852 1697 2100 1891 1942 1911 1965 1851 1988 1902 2057 1948 1759 1954 1703 1796 1848 2078 1961 2001 1847 2040 1912 2081 1992 1905 2158 1971 1833
2231 1903 2031 2367 2228 2172 2095 2526 1889 2138 2433 2466 2335 1984 2206 2088 1969 2219 2370 2133 2198 2153 2175 2173 2090 2419 2160 2550 1917 2174 2528 1975 2203 2160 2177 2304 2143 2272 2011 2132 2030 2226 2400 2262 2358 2329 2226 2031 2461 1760 1908 2375 2326 2411 2153 1962 2427 2078 2417 1961 2100 2219 2202 2166 2381 2189 2392 2394 2238 2181 2240 2319 2223 2470 2262 2367 2201 2357 2021 2342 2186 2413 2246 2006 2321 2072 1955 2315 2273 2214 2083 2192 2356 2294 2161 2407 2209 2687 2355 2231
2178 2093 2083 2349 1980 2116 2113 2148 1679 2078 2232 2106 2116 2017 2011 2017 2015 2233 2129 1948 1986 1899 2070 2071 2184 2119 2024 2327 1923 2122 2452 1914 2130 2031 2197 2105 1980 2130 1828 1777 2100 1890 2105 2198 2110 2031 2092 1824 2424 1700 1987 2424 2204 2231 2015 1933 2338 1998 2195 2051 2186 1992 2111 2019 2336 2031 2344 2298 2147 2061 2043 1986 2117 2164 2018 2254 1905 2117 1886 1915 1898 2149 2120 1945 2077 1993 1996 2156 2231 1993 1894 1962 2148 2219 2189 2172 2002 2264 2015 1957
2250 2036 2212 2342 1939 2329 2202 2310 1933 2170 2302 2291 2204 2053 2048 2144 2209 2359 2078 2107 2054 2054 2145 2170 2135 2279 2129 2313 1961 2023 2488 1933 2482 1984 2223 2242 2089 2209 1954 2021 1984 1974 2212 2235 2337 2259 2344 1931 2518 1691 2014 2361 2307 2227 1943 1822 2265 2256 2457 2079 2356 2205 2378 2029 2375 2129 2596 2404 2142 1998 2233 2159 2319 2327 2053 2377 2152 2177 1941 2078 1870 2145 2234 1884 2176 2130 2071 2137 2266 2077 1970 2094 2313 2229 2200 2142 2219 2492 2120 2184
2295 2017 1958 2277 2100 2012 2106 2252 1786 2191 2443 2209 2194 1858 2025 2022 2202 2234 2186 2122 1964 2021 1951 2115 1982 2276 1855 2343 2036 2139 2506 1947 2017 2228 2198 2091 2071 2250 1927 1982 1981 1869 2293 2236 2301 2246 2099 1959 2272 1738 1869 2411 2131 2191 1999 1973 2265 2058 2277 1921 2182 2150 2084 2078 2358 2209 2318 2153 2107 2015 2212 1970 2032 2272 2211 2278 2088 2283 2154 1985 2004 2084 2143 1954 2248 1986 1997 2074 2210 2162 2239 2092 2266 2247 2201 2173 1932 2268 2123 2006
2335 2069 2253 2573 2288 2311 2356 2617 2142 2332 2615 2437 2371 2100 2277 2388 2279 2509 2507 2471 2325 2260 2296 2351 2216 2519 2406 2496 2136 2340 2785 2184 2503 2367 2440 2304 2269 2369 2110 2283 2184 2295 2478 2327 2681 2585 2364 2272 2593 1895 2145 2508 2422 2369 2160 2107 2537 2329 2528 2138 2365 2346 2294 2189 2598 2447 2603 2468 2284 2211 2458 2354 2324 2504 2297 2513 2421 2536 2275 2289 2197 2358 2531 2319 2482 2218 2172 2408 2489 2356 2053 2306 2574 2498 2368 2598 2301 2725 2424 2261
2219 1925 2169 2320 1976 2210 2159 2377 1757 2094 2491 2287 2140 1945 2083 2099 2148 2229 2222 2186 2131 1895 2177 2197 2030 2215 2041 2367 2092 2135 2434 1913 2084 2070 2300 2218 2039 2157 2088 1828 2132 1984 2100 2306 2352 2258 2073 1931 2268 1799 1787 2335 2110 2200 2112 2015 2476 1891 2256 1850 2168 2167 2103 2023 2343 2078 2295 2413 2172 2166 2088 2075 2038 2285 2127 2213 2203 2426 2087 2234 2098 2311 2168 2032 2212 2055 2053 2189 2243 2176 2143 2071 2233 2196 2312 2248 2100 2377 2309 2009
2251 2039 2096 2393 2001 1993 1953 2328 1834 2127 2238 2326 2189 1989 2086 2149 2169 2210 2088 2085 1914 2098 2121 2207 2043 2236 2081 2291 1930 2239 2239 1767 2103 2050 2221 2228 1976 2191 1940 2061 2102 1916 2187 2313 2199 2308 2120 1687 2132 1779 1824 2337 2272 2343 1999 1796 2230 1960 2479 1922 2098 1990 2117 1948 2222 1986 2342 2304 2076 1946 2124 1833 2072 2173 1987 2206 2266 2263 2012 2075 1993 2292 2104 1862 2233 1995 2028 2131 2195 2107 2099 1931 2115 2129 2004 2275 2000 2201 2116 2007
2405 2077 2216 2553 2094 2255 2144 2440 2048 2319 2488 2421 2294 2244 2142 2214 2178 2335 2302 2372 2043 2068 2152 2253 2141 2369 2132 2556 2067 2112 2540 2060 2172 2281 2297 2244 2119 2428 2171 2154 2286 2051 2342 2536 2503 2524 2239 1994 2354 1798 1929 2508 2200 2520 2044 2047 2505 2054 2467 1959 2247 2216 2160 2049 2451 2209 2404 2432 2228 2252 2259 2110 2254 2523 2327 2311 2414 2385 2249 2147 2040 2281 2189 2077 2406 1887 2096 2293 2313 2175 2229 2193 2487 2196 2280 2424 2153 2545 2282 2221
1846 1670 1758 1888 1620 1774 1735 1858 1444 1875 1899 1945 1879 1759 1767 1671 1895 1929 1771 1844 1679 1701 1780 1715 1685 2043 1690 1919 1523 1894 2102 1588 1736 1850 1861 1871 1650 1856 1659 1679 1637 1687 1891 1898 2069 1889 1800 1526 2013 1456 1543 1960 1801 1895 1782 1722 1960 1716 1930 1546 1712 1602 1779 1704 1915 1666 2081 1754 1867 1750 1968 1777 1859 1930 1832 1903 1846 1888 1661 1777 1689 1769 1847 1643 1738 1813 1600 1812 1896 1795 1727 1648 1846 1878 1849 1963 1746 2134 1832 1749
2125 1900 1972 2274 1761 1985 2012 2315 1677 2071 2156 2178 2089 2007 2050 2137 2010 2184 1893 1889 2101 2012 2061 2114 1927 2210 2023 2264 1925 2120 2433 1905 2021 1896 2134 2260 2091 2116 2031 1904 1950 2009 2133 2165 2237 2266 2181 1814 2125 1642 1784 2283 2284 2188 1914 1861 2128 1953 2229 1880 1997 1974 2077 1873 2241 2032 2270 2162 2012 1932 2022 1977 2191 2076 1897 2195 2058 2225 1695 2010 2026 2111 2143 1845 2201 2022 1826 2172 2278 2124 1901 1889 2066 2094 2112 2243 2052 2165 1974 1825
2460 1993 1908 2449 2055 2143 2001 2251 1859 1960 2205 2304 2153 1968 2122 2209 2165 2233 2169 2161 2142 1997 2300 2183 2175 2230 2039 2427 1984 2272 2565 1924 2296 2160 2273 2334 2065 2145 2045 2214 2120 2049 2322 2318 2471 2181 2189 1820 2320 1682 1875 2382 2249 2262 1850 2024 2215 2047 2355 2050 2098 2075 2087 1996 2281 2068 2372 2317 2201 2080 2132 2049 2224 2160 2143 2204 2174 2338 1976 2197 2019 2252 2080 1955 2233 1889 2055 2109 2199 2129 2144 2064 2285 2243 2102 2357 1948 2441 2342 2076
2274 2052 1973 2411 1987 2119 2125 2352 1965 1999 2530 2256 2310 1914 1999 2177 2232 2339 2168 2205 1972 1921 2170 2236 1953 2416 1937 2450 2065 2158 2484 1973 2068 2045 2118 2245 2235 2206 2106 2211 1971 2094 2187 2285 2423 2430 2187 1944 2427 1750 1781 2368 2114 2313 2056 2113 2305 2103 2459 1961 2083 2101 2263 1962 2328 2217 2248 2349 2223 2049 2230 2135 2199 2319 2198 2352 2210 2342 2186 2146 2186 2307 2022 1905 2386 1998 2006 2099 2179 2223 2173 2026 2394 2266 2234 2386 2098 2587 2126 2050
2151 1913 1855 2169 1892 1923 1768 2064 1549 2014 2067 1920 1958 1897 1816 1902 1955 2055 1942 1975 1858 1864 1958 1805 1815 2013 1846 2011 1811 1911 2214 1801 1857 1640 2032 1995 1773 2053 1855 1784 1726 1796 1949 2073 1956 1975 1955 1534 2004 1588 1649 2315 2000 2016 1912 1906 2072 1691 2022 1849 1961 1857 1980 1751 2045 1881 2166 2046 1804 1807 1993 1848 1992 1957 1731 2082 2080 2130 1881 1879 1899 1897 1912 1922 1969 1725 1665 2084 1897 1871 1845 1710 2107 1947 1852 2048 1938 2137 1991 1957
1775 1746 1944 2111 1659 1721 1840 1963 1782 1865 2062 1896 1952 1712 1834 1898 1860 1949 1908 1945 1870 1815 1819 1874 1918 1997 1882 1975 1750 1873 2056 1755 1870 1819 1942 1959 1865 1884 1748 1854 1880 1830 1947 1896 2129 2161 1873 1827 2061 1592 1727 1987 1986 1893 1851 1690 1978 1720 1941 1720 1856 1749 1887 1786 2001 1701 2054 2110 1929 1822 1960 1858 1910 2040 1766 1962 1893 1889 1674 1938 1719 1985 1817 1813 1924 1662 1834 1919 1956 2002 1789 1739 2010 1974 1738 2069 1861 2145 2053 1852
2251 2068 2014 2266 1921 2136 1997 2259 1903 1931 2260 2266 2087 1933 2115 2116 2150 2164 2236 2104 2081 1956 1973 2165 2069 2185 2021 2285 1974 2058 2280 1854 2154 2015 2075 2172 2215 2117 2063 2125 2104 1989 2185 2282 2400 2265 2062 1869 2152 1680 1678 2217 2040 2235 1923 1968 2077 1779 2378 1851 1972 1994 2041 2009 2169 2017 2186 2104 2108 1976 2210 1913 2069 2170 2113 2280 2291 2209 2026 2084 1803 2186 2112 1947 2123 1921 2081 2184 2146 2273 2112 1985 2163 2094 2114 2243 1893 2258 2154 1971
2370 1878 2116 2261 1990 2039 2252 2403 1887 2068 2615 2328 2183 1804 2153 2228 2096 2218 2405 2071 2234 1901 2191 2154 2174 2293 2170 2358 2001 2194 2422 1967 2160 2127 2130 2182 1961 2266 2008 2072 2136 2145 2335 2242 2461 2305 2256 2005 2306 1664 1875 2404 2153 2275 2033 2047 2347 2119 2400 1911 2160 2065 2137 1983 2446 2156 2403 2168 2214 2229 2213 2224 2066 2177 2126 2178 2096 2251 2012 2228 2029 2269 2225 2113 2207 2080 1873 2125 2452 2343 2105 2198 2299 2175 2293 2318 2104 2438 2211 2100
2454 2122 2273 2470 2108 2311 2194 2476 2037 2296 2404 2247 2314 2139 2160 2323 2207 2458 2360 2283 2086 2051 2323 2196 2237 2443 2212 2491 2148 2189 2505 2009 2254 2298 2428 2427 2256 2362 2153 2115 2190 1935 2252 2359 2529 2518 2233 1899 2411 1988 2128 2448 2355 2336 2130 2008 2391 2112 2483 2058 2407 2252 2260 2299 2498 2099 2475 2455 2339 2116 2378 2091 2196 2455 2162 2453 2450 2433 2235 2315 2263 2304 2238 2137 2337 2228 2255 2347 2373 2201 2137 2190 2435 2421 2361 2368 2212 2569 2326 2179
2473 2202 2022 2599 2167 2192 2295 2457 2045 2345 2588 2257 2342 2129 2205 2470 2370 2412 2524 2285 2342 2153 2235 2186 2223 2361 2080 2432 2292 2457 2831 2164 2360 2179 2369 2388 2282 2286 2002 2194 1990 2205 2336 2395 2497 2420 2257 1969 2547 1897 2086 2516 2351 2360 2136 2174 2520 2133 2538 2088 2369 2272 2234 2156 2447 2203 2447 2387 2262 2160 2324 2281 2202 2351 2228 2592 2453 2384 2211 2249 2217 2418 2145 2225 2406 2082 2216 2209 2397 2375 2218 2088 2432 2652 2354 2424 2282 2562 2403 2153
2301 2039 2282 2387 2140 2238 2127 2455 1842 2164 2366 2398 2216 2177 1992 2012 2124 2402 2283 2186 2056 2034 2201 2310 2179 2435 2098 2464 2003 2187 2462 2128 2222 2215 2180 2340 2043 2315 2205 2149 2120 2105 2236 2412 2400 2392 2244 2099 2391 1737 1894 2443 2280 2288 2044 1921 2261 2057 2424 2030 2092 2279 2260 2153 2440 2184 2449 2329 2229 1980 2438 2156 2139 2387 2132 2307 2250 2273 2006 2202 2045 2304 2268 1951 2428 2156 2130 2227 2284 2228 2177 2117 2211 2233 2364 2255 2171 2542 2097 2187
2352 2088 2065 2337 2196 2206 2148 2653 1968 2196 2435 2331 2254 2015 2189 2242 2265 2415 2332 2187 2251 2113 2193 2360 2127 2452 2116 2551 2201 2180 2655 1918 2387 2114 2159 2331 2268 2232 2117 2134 2149 2145 2183 2350 2416 2381 2258 2048 2480 1802 1810 2349 2106 2205 2191 2132 2511 2087 2598 1956 2329 2249 2248 2121 2400 2214 2466 2422 2386 2210 2429 2238 2185 2416 2264 2546 2511 2514 2251 2291 2175 2206 2329 1976 2241 2152 2171 2280 2398 2222 2292 2125 2359 2286 2371 2418 2334 2535 2172 2145
2182 1757 1992 2437 1801 1945 2078 2198 1762 1952 2224 2192 2039 1807 2021 2247 1890 2098 2241 1928 2102 2023 2053 2140 1959 2139 1948 2268 1899 2135 2323 1897 2093 1899 2143 2126 2092 1960 2015 2130 1893 2052 2186 2154 2155 2310 2028 1726 2136 1707 1875 2246 2138 2125 1863 1835 2178 1964 2318 1749 2079 2017 2031 1872 2199 1868 2196 2343 2050 1953 1910 2077 2068 2125 2029 2057 2102 2162 1861 1918 1959 2230 1876 1923 2036 1833 1807 1928 2225 2301 2106 1937 2108 2159 2040 2238 2004 2269 2253 2001
2293 1935 1934 2301 2038 2222 2084 2294 1681 2067 2401 2113 2103 1969 2127 2081 2056 2145 2116 1997 1912 1953 2157 2079 1997 2334 1954 2419 2083 1898 2524 2033 2125 1925 2256 2303 2118 2143 1882 2084 1988 2045 2140 2279 2268 2332 2114 2005 2290 1569 1791 2328 2129 2190 2047 1887 2133 2046 2212 1921 2133 1934 2177 2094 2312 2227 2312 2218 2076 2072 2137 1944 2040 2264 2149 2193 2222 2289 1950 2254 2007 2071 2109 1765 2062 1998 1921 2055 2231 1956 2105 2013 2244 2235 2198 2152 2162 2460 1991 2111
1935 1605 1706 2082 1768 1769 1897 2072 1545 1779 2039 1828 1847 1811 1945 1869 1825 1996 1951 1850 1644 1732 1969 1895 1783 2067 1973 2126 1761 1811 2329 1779 2018 1827 1936 1938 1908 1954 1765 1887 1800 1942 1979 2054 2058 2054 1942 1726 1937 1593 1626 2111 1967 1886 1890 1716 2021 1786 1985 1784 1902 1767 1879 1731 2071 1779 2087 2056 1877 1844 1881 1747 1817 1941 1978 1984 2037 2123 1661 1807 1681 1863 1913 1690 1798 1659 1868 1900 1960 1787 1702 1588 2070 1950 1886 2064 1812 2113 1825 1695
2063 1788 2016 2200 1858 1863 2058 2177 1753 1983 2101 2170 1982 1774 2029 1981 2000 2148 1998 1891 1911 1977 2011 2034 1876 2347 1813 2165 1842 1987 2162 1915 2044 2060 1944 2259 1777 1965 1922 1756 2000 1904 2134 2255 2289 2144 1914 1816 2186 1562 1914 2088 2053 2016 1845 1767 2180 1862 2160 1759 2019 1827 2018 1972 2175 1872 2061 2065 2025 1879 2042 1779 1914 2044 1934 2127 2098 1973 1852 2027 1935 2029 1920 1845 1910 1777 1780 2091 2130 2033 1962 1886 2074 2039 2072 2151 2021 2257 2051 1766
2252 1810 1886 2389 1896 2026 1961 2203 1874 2100 1976 2125 2049 1814 2110 2132 1918 2173 2119 2052 2082 1837 2147 1984 2156 2272 2081 2233 1899 2139 2392 1743 1955 1952 2089 2139 1991 2034 2038 2034 1794 1931 2189 2095 2166 2111 2115 1777 2081 1737 1789 2140 2169 1877 1809 1806 2082 1986 2230 1792 1909 1876 2071 1839 2129 2040 2114 2158 1930 1967 2172 1869 2105 2090 1943 2071 2101 2155 1884 2034 1937 1979 1988 1962 2076 1865 1681 2030 2151 2121 2010 1879 2186 2162 1911 2229 1954 2162 2116 1979
2066 1734 1832 2235 1896 2093 1930 2249 1768 2129 2198 1992 1934 1864 2049 2133 1953 2067 2127 1916 1868 1847 2032 1869 1917 2291 1955 2136 1866 2072 2146 1789 2005 1975 2095 2166 2023 2041 1772 1985 1938 1829 2071 1949 2252 2249 1969 1779 2228 1507 1797 2053 1878 1973 1892 1830 2050 1933 2233 1810 1859 1920 2019 2113 2051 1993 2117 2219 1957 1897 2176 2043 1964 2010 1993 2162 2182 2093 1956 2166 2009 2155 1962 1873 2094 1810 1684 1943 2088 2059 1889 1927 2110 2111 2149 2123 2071 2368 1995 2084
2238 1891 2045 2213 1972 2047 2024 2214 1706 2153 2238 2139 2164 1980 2008 1982 1881 2133 2135 2035 1965 1882 2146 2022 2021 2397 1922 2286 1894 1855 2472 1864 2155 2049 2129 2301 2087 2108 2014 2002 2001 1982 2085 2340 2201 2306 2142 1932 2154 1661 1838 2406 2182 2192 2046 1964 2343 2001 2282 1820 2129 2044 2212 1968 2204 2118 2335 2247 2144 1947 2068 1996 2163 2286 2158 2223 2279 2300 1906 1889 1986 2124 2176 1727 2004 1935 1915 2287 2056 2038 2123 1936 2184 2047 2138 2134 2157 2341 2174 2037
2375 2180 2246 2703 2094 2356 2325 2599 1989 2271 2562 2297 2400 2135 2314 2438 2353 2349 2283 2158 2044 2136 2334 2344 2162 2312 2091 2560 2065 2324 2602 2047 2363 2257 2355 2489 2399 2394 2097 2199 2172 2264 2366 2483 2555 2424 2300 2158 2575 1824 2180 2577 2286 2470 2087 2001 2665 2216 2482 2174 2352 2306 2312 2262 2491 2362 2458 2538 2355 2117 2180 2229 2267 2544 2294 2491 2344 2412 2359 2276 2119 2317 2368 2045 2473 2085 2193 2297 2327 2325 2210 2263 2469 2288 2318 2508 2178 2460 2397 2213
2134 1863 2019 2312 2049 1898 2013 2304 1762 2030 2270 1962 2124 1832 2088 1924 1940 2342 2169 1947 1940 1808 2167 2139 2015 2213 1939 2338 1958 2015 2336 1834 1939 1955 2016 2367 2089 2169 1914 2005 1889 1896 1991 2105 2257 2288 2053 1777 2229 1769 1783 2233 1995 2122 2084 2049 2273 1904 2179 1922 2085 1844 2223 2079 2279 2040 2130 2309 2252 1907 2101 1882 1899 2253 1907 2090 2122 2294 1831 1945 1823 2073 2136 1926 2050 2008 1833 2200 2061 1962 1879 1904 2231 2046 2173 2201 2120 2287 2118 1947
2278 1976 1920 2271 2082 2169 2033 2077 1850 2183 2315 2039 2197 1923 2027 2218 2099 2132 2059 2069 2075 1909 2163 2060 1946 2296 1843 2291 2102 2099 2478 2002 2231 2024 2115 2245 2063 2045 1933 1796 1855 1959 2079 2277 2298 2210 2041 1917 2244 1633 1819 2363 2014 2164 1909 1905 2177 1963 2283 1865 2005 1998 2129 1972 2269 2063 2307 2183 2106 2009 2191 2044 2050 2142 2040 2124 2215 2350 2165 2094 1986 2067 2056 1930 2151 1951 1897 2043 2065 2162 2091 2128 2263 2265 2202 2136 2022 2361 2077 2023
2436 1880 1922 2429 2006 1960 2020 2498 1996 2098 2445 2195 2258 2062 2251 2291 2038 2317 2268 2214 2257 2067 2034 2225 2093 2072 2014 2556 2063 2119 2496 1857 2123 2029 2280 2171 2152 2366 1845 2179 2022 2147 2298 2182 2333 2426 2193 1886 2333 1787 1684 2361 2101 2377 1924 2136 2388 2001 2439 1894 2115 2193 2173 2119 2396 2201 2281 2252 2231 1969 2246 2097 2001 2326 2222 2265 2341 2196 2030 2158 2094 2084 2241 1912 2088 1869 1989 2175 2155 2169 2113 2071 2342 2171 2134 2427 2246 2321 2160 2012
2090 1911 1857 2198 1966 2092 1927 2176 1573 2082 2276 2118 2002 2017 2016 2056 1984 2104 2038 2011 2018 1831 2113 2129 1927 2258 2055 2217 1837 1922 2495 1794 2364 1928 2157 2049 2124 1991 1824 1929 2065 1773 2049 2096 2264 2256 2150 1902 2230 1611 1805 2213 2292 2214 1856 1815 2099 2007 2306 1802 1984 1988 2166 1988 2031 1840 2241 2260 2261 1982 2014 2023 2027 2070 2041 2245 2262 2193 1802 2025 1981 2145 2057 1698 2120 2016 1885 2035 2068 1915 1822 1951 2070 2223 2199 2145 2074 2456 1848 1984
2248 2003 1926 2315 2051 2122 1927 2170 1840 1966 2075 2292 2196 1890 1959 2039 2067 2149 2146 1972 2041 1857 2118 1989 2151 2292 2048 2337 1997 2112 2386 1812 1986 1987 2188 2150 1910 2221 2034 1977 1971 2050 2143 2309 2298 2200 2045 1965 2210 1858 1753 2312 2238 2221 1912 2001 2179 2026 2406 1880 1995 2035 2187 1889 2232 2170 2156 2288 2088 2005 2231 1855 2194 2093 2041 2277 2163 2284 2003 2086 2210 2387 2000 1958 2263 2003 1937 2324 2097 2085 2111 1968 2071 2269 2130 2073 2096 2398 2128 1925
2119 1964 2149 2272 2018 2136 2008 2367 1796 1980 2337 2308 2121 1854 2121 2037 1999 2245 2169 2093 1931 2015 2152 2201 2032 2170 2038 2412 1864 2182 2348 1888 2262 2079 2114 2245 2104 2028 2023 2079 2157 1884 2123 2235 2355 2263 2085 1785 2330 1658 1862 2322 2119 2236 1973 1916 2118 1959 2429 2001 2056 1996 2034 2096 2278 2037 2402 2319 2144 2077 2176 2030 2231 2164 2064 2318 2343 2254 2024 2148 1937 2289 2062 1852 2194 2148 2092 2109 2265 2183 2002 1923 2163 2200 2258 2260 2096 2407 2131 2027
2585 2314 2221 2491 2259 2335 2273 2472 2057 2281 2597 2418 2465 2299 2334 2484 2274 2463 2369 2362 2187 2185 2350 2385 2250 2487 2101 2577 2163 2233 2642 2182 2399 2197 2347 2331 2280 2455 2181 2263 2280 2234 2501 2569 2661 2507 2397 2138 2477 1789 2022 2551 2523 2422 2294 2041 2427 2257 2647 2187 2371 2334 2442 2146 2489 2328 2662 2532 2382 2315 2373 2272 2251 2293 2241 2548 2659 2385 2186 2226 2210 2393 2295 1980 2365 2062 2034 2304 2534 2220 2397 2138 2506 2469 2473 2523 2236 2704 2145 2291
2327 2177 2125 2379 1989 2203 1974 2359 1910 2207 2316 2166 2287 2017 2138 2284 2197 2339 2338 1906 2084 2035 2230 2225 2181 2298 2101 2415 2154 2264 2434 1924 2313 2015 2399 2313 2160 2348 2042 2034 1953 2051 2221 2461 2432 2323 2299 1971 2378 1844 1952 2377 2176 2327 2076 2004 2270 2014 2415 2024 2299 2148 2332 2277 2367 2149 2528 2396 2123 1961 2404 2041 2214 2270 2067 2362 2398 2491 1925 2088 2021 2120 2224 1947 2227 2265 2040 2298 2303 2175 2119 2062 2205 2253 2255 2256 2132 2441 2233 2110
2124 1851 1929 2233 1948 1939 1996 2066 1617 1996 2237 2184 2160 2008 1967 2061 1913 2127 2118 1985 2001 1766 2133 2043 2069 2241 1837 2253 1857 2088 2443 1814 1968 1963 2270 2212 1943 2058 1988 1974 1997 1917 2151 2272 2374 2120 2037 1899 2172 1640 1715 2230 2109 2175 1845 1989 2345 1957 2101 1812 2042 1927 1970 1978 2237 1998 2202 2198 2118 2037 2146 2010 1979 2219 2152 2207 2182 2167 1866 2078 1997 2174 2042 1982 2000 1936 1776 2087 1943 2066 2079 1961 2127 2331 2215 2176 2070 2379 2132 1955
2266 1891 1832 2357 2023 2049 2248 2253 1965 2135 2378 2132 2078 1968 2023 2301 1948 2227 2312 1939 2093 1888 2135 1972 2182 2336 1986 2340 2095 2180 2302 1805 2177 2154 2232 2100 2169 2141 2048 2201 2070 2053 2266 2162 2320 2245 2109 1997 2370 1760 2034 2293 1946 2089 1949 1948 2178 2157 2527 1854 2072 2157 2192 2100 2318 2200 2264 2349 2011 1948 2252 2134 2168 2236 2129 2245 2134 2289 1914 2009 1980 2058 2266 1856 2099 1928 1909 2228 2207 2308 2012 1959 2219 2278 2310 2253 2137 2354 2209 2125
2176 1954 2053 2245 1951 2148 1944 2229 1771 1990 2215 2138 2237 1982 2131 2054 1956 2102 2189 1996 2020 1918 1966 2120 2097 2290 2087 2230 1867 2042 2464 1889 2265 1954 2190 2085 2082 2044 2013 2095 1845 2051 2189 2128 2283 2070 1977 1907 2223 1689 1786 2246 2188 2192 1957 1871 2164 1953 2204 1868 1960 1903 1943 1988 2198 1971 2269 2212 2187 2058 2138 1941 2054 2148 2051 2219 2212 2209 2022 2081 1863 2180 2073 1909 2091 2050 1916 2063 2176 2041 1966 1983 2213 2124 2113 2202 1948 2310 2073 1989
2032 1800 1918 2181 1734 1946 1793 2031 1787 1958 2120 1989 2135 1866 2055 1893 1870 2163 2029 2095 1826 1712 1864 2002 1851 2007 1907 2278 1907 1920 2221 1745 1825 1927 2054 2038 1915 2024 1812 1960 1798 1772 2078 2113 2267 2100 2105 1573 2126 1615 1551 2154 1932 1992 1841 1843 1936 1941 2091 1883 1810 1811 1878 1863 2193 1915 2222 2030 1895 1849 2251 1978 1883 2065 2026 1978 2017 2054 1924 1863 1844 1879 1866 1780 2058 1866 1828 1909 2001 1979 1914 1830 2277 1986 1984 2169 1902 2132 1927 1805
2314 2332 2301 2601 2256 2253 2358 2450 2102 2298 2407 2359 2356 2195 2116 2422 2285 2403 2372 2056 2369 2186 2276 2196 2282 2357 2025 2698 2226 2204 2721 2031 2412 2230 2281 2557 2350 2323 2229 2254 2218 2155 2439 2429 2508 2504 2265 2249 2539 1893 2053 2478 2337 2439 2162 2288 2505 2193 2520 2155 2354 2210 2366 2330 2663 2400 2476 2505 2334 2327 2382 2220 2410 2451 2206 2462 2336 2510 2157 2319 2235 2467 2417 2090 2374 2328 2250 2405 2274 2280 2195 2271 2445 2439 2461 2392 2410 2533 2359 2142
2477 2323 2154 2570 2134 2352 2289 2402 2006 2299 2617 2264 2275 2102 2247 2494 2379 2443 2279 2348 2213 2259 2185 2287 2203 2434 2149 2507 2246 2229 2690 2236 2478 2190 2271 2426 2402 2196 2123 2279 2212 2301 2424 2306 2469 2489 2245 2151 2392 1851 2063 2543 2445 2465 2300 2125 2328 2212 2529 2099 2233 2237 2197 2291 2520 2188 2593 2554 2302 2373 2311 2197 2331 2391 2172 2426 2483 2518 2174 2274 2269 2401 2266 2101 2397 2184 2158 2317 2385 2387 2166 2314 2392 2477 2296 2348 2166 2620 2295 2135
2098 1743 1796 2297 1888 1957 1936 2147 1783 1982 2184 2067 2137 1815 2019 2175 1874 2053 2023 1886 1858 1858 2002 1935 1965 2084 1738 2197 1837 2136 2241 1812 1935 1894 1893 2161 1893 2049 1780 1873 1863 1865 2011 2109 2217 2163 2034 1671 2084 1512 1746 2198 1992 2190 1682 1768 2086 1957 2230 1944 1919 1995 2025 1908 2065 1970 2152 2108 1985 1754 1954 1875 2036 1978 1920 2064 2129 2087 1845 1938 1899 2104 1976 1785 2144 1770 1722 1929 2068 1996 1972 1852 2045 2102 1987 2134 1932 2061 1897 1808
2323 2018 2005 2477 2119 2360 2219 2603 1940 2211 2448 2278 2316 2053 2314 2213 2087 2149 2320 2021 2293 2042 2256 2007 2302 2591 2057 2466 1946 2171 2579 1986 2193 2167 2361 2318 2187 2257 2045 2238 2108 2147 2350 2405 2522 2341 2280 2174 2319 1699 1945 2366 2309 2332 1909 2171 2281 2091 2392 1970 2093 2295 2318 2200 2506 2405 2280 2278 2128 2094 2387 2153 2317 2314 2337 2431 2309 2405 2098 2368 2241 2344 2308 1950 2392 2074 1990 2342 2230 2231 2200 2133 2336 2549 2313 2349 2239 2599 2161 2136
2007 1991 1977 2254 1887 1871 1991 2249 1811 2042 2193 1970 2127 1817 1976 1984 1959 2155 2202 1849 1883 1802 1938 2159 1890 2332 1891 2310 1962 1965 2351 1773 2061 2144 1991 2199 2043 2086 1834 1958 1945 1885 2049 2052 2253 2217 1969 1804 2204 1655 1765 2263 2053 2170 1941 1781 2198 1948 2174 1863 2024 2075 2011 1978 2216 2052 2164 2089 2085 1928 2095 1975 2123 2147 1980 1964 2169 2154 1925 1883 1791 1985 2039 1766 1996 1920 1971 2143 2132 2074 2026 1875 2155 2038 2021 2179 1882 2262 2021 1891
2456 2261 2087 2526 2265 2265 2130 2522 2097 2292 2541 2305 2432 2075 2327 2410 2355 2428 2278 2207 2211 2207 2402 2480 2261 2499 2233 2439 2174 2370 2745 2015 2405 2146 2355 2468 2497 2447 2180 2236 2180 2135 2428 2400 2588 2404 2321 2072 2539 2013 2105 2460 2515 2303 2120 2131 2567 2166 2615 2021 2225 2163 2239 2217 2454 2329 2511 2553 2440 2238 2391 2098 2312 2518 2307 2695 2408 2477 2238 2428 2224 2551 2265 2101 2366 2170 2172 2363 2403 2318 2255 2157 2386 2559 2343 2497 2253 2551 2442 2112
2384 1929 1940 2345 2152 2220 2168 2279 1855 2177 2286 2207 2056 2008 2046 2100 2251 2311 2140 2247 1847 2100 2262 2126 2008 2457 2094 2419 1976 2010 2467 1893 2159 2222 2190 2372 2088 2299 2054 2098 2051 1939 2249 2379 2464 2371 2197 1793 2146 1786 1834 2398 2253 2258 2087 1935 2142 2049 2282 1898 2281 2199 2101 2063 2245 2143 2417 2273 2060 2043 2267 1963 2062 2205 2134 2319 2446 2513 2124 2141 2217 2054 2268 1988 2233 1944 2010 2220 2157 2218 2058 2122 2332 2227 2164 2129 2004 2366 2198 2076
2124 1995 1971 2251 2006 2027 2037 2229 1885 2038 2326 2102 2065 1841 1921 2238 1891 2251 2118 2137 1913 2030 2072 2029 2054 2286 1911 2233 1871 2108 2203 1929 2244 1877 2002 2105 2032 1966 2021 1904 1854 1985 2070 2248 2338 2205 2124 1785 2258 1554 1803 2261 1991 2201 1804 1929 2065 1945 2291 1874 2024 2235 2169 2009 2197 1964 2279 2265 1996 1862 2185 1958 2133 2074 1917 2263 2350 2310 1852 2013 1902 2095 2099 1903 2208 1915 1766 2136 1997 2152 2075 1923 2163 2340 2189 2195 1961 2352 1989 2040
2025 1889 1817 2024 1799 1949 1826 2101 1672 1959 2051 1947 2049 1735 1855 1934 2056 1957 2060 1879 2022 1856 1901 1850 1758 2204 1686 2032 1889 1984 2172 1668 1956 2026 2052 1957 1798 2015 1783 1850 1755 1881 2047 2114 2166 2072 1849 1714 2137 1513 1559 2128 1893 1995 1955 1890 2106 1776 2133 1647 1840 1897 1933 1919 2083 2029 2176 2022 1864 1926 2035 1809 1823 1898 1976 2097 1969 2085 1996 1889 1802 1978 1841 1806 2023 1825 1716 1907 1923 1952 2016 1838 1945 2049 2126 1926 1919 2199 1805 1857
2428 1979 2176 2431 2051 2247 2176 2594 1983 2180 2520 2246 2142 2040 2204 2294 2125 2389 2234 2314 2082 2103 2042 2167 2177 2303 2067 2339 2075 2172 2262 2221 2217 2101 2256 2302 2144 2304 1971 2264 2088 2159 2342 2468 2307 2398 2171 2036 2207 1798 2027 2419 2218 2263 2206 2067 2343 2243 2510 1965 2160 1968 2231 2221 2510 2194 2409 2399 2216 2187 2290 2180 2153 2467 2080 2297 2320 2267 2091 2222 2206 2281 2109 1811 2292 2130 1983 2231 2234 2097 2188 2139 2360 2239 2278 2356 2299 2507 2205 2063
2256 1903 1993 2449 1973 2016 2065 2227 1863 2026 2363 2094 2148 1823 2139 2047 2149 2220 2125 2037 1843 1993 2067 2085 1960 2243 1993 2308 1980 2237 2318 1921 2034 1862 2129 1996 2086 2195 1979 2024 2050 1858 2202 2295 2257 2050 2023 1737 2310 1804 1835 2433 2049 2127 1974 2139 2166 1922 2335 1916 2140 1986 1928 1911 2301 2058 2352 2153 2030 2093 2189 2048 1948 2177 2045 2363 2151 2196 2042 2154 2089 2087 2037 1833 2206 1972 2017 2067 2089 2204 1987 1911 2309 2187 2061 2273 2143 2213 2152 2054
2085 1736 1971 2168 1747 2047 2063 2266 1813 1981 2388 2024 1996 1915 2049 1908 1988 2087 2009 2128 1852 1806 1845 1936 1912 2089 1974 2182 1897 1946 2266 1729 1900 1924 2073 2046 2022 1971 1888 2025 1869 1844 2158 2153 2207 2285 2142 1692 2079 1467 1543 2164 1964 2164 1932 1838 2207 1993 2244 1725 1913 1959 1895 1831 2186 1951 1949 2089 2069 1905 1962 1975 1979 2225 2057 2070 2054 2112 2033 1949 1917 2105 1900 1811 2100 1919 1748 1973 2098 1882 1881 1956 2352 1842 2020 2260 1948 2372 2097 2023
2020 1845 1891 2231 1932 2037 2020 2157 1867 1916 2029 1893 1940 1906 2031 1882 1899 2036 1993 2075 1812 1800 1896 1891 1808 2026 1981 2128 1877 1910 2191 1676 1983 1951 2055 1898 2031 1937 1775 2092 1866 1847 2057 2007 2117 2198 1839 1664 2179 1556 1759 2087 2034 2138 1897 1758 2064 1927 2158 1819 1961 1810 1931 1852 2154 1986 2070 1951 1998 1810 1993 1927 1897 2148 1930 2202 2089 1928 1831 1887 1785 1907 1923 1696 1962 1866 1858 2013 2048 1882 1756 1851 2150 1973 1981 2106 1979 2201 1982 1910
2092 1783 1686 2069 1833 1983 1954 2090 1736 1805 2183 1990 1999 1732 2004 1947 1682 1948 1894 1872 1885 1740 1705 2033 2008 1972 1836 2147 1743 1850 2260 1737 2048 1859 1971 1847 1804 1925 1705 1736 1820 1826 2051 2055 2154 2080 1938 1975 2037 1408 1840 2078 1964 2014 1761 1745 2049 1944 2186 1779 1877 1882 1994 1945 2142 1978 1927 2157 2044 1909 1854 1817 1938 1855 1921 2058 1952 2016 1890 1852 1927 2009 1828 1827 1897 1645 1718 1912 2000 1780 1816 2006 2022 1954 2021 1929 1863 2169 1820 1812
2247 2036 1976 2141 2059 1925 2020 2242 1923 2064 2100 2262 2014 1990 1939 2184 1844 2134 2201 1900 2070 2037 2125 2019 2075 2240 2056 2238 2004 2139 2363 1905 2075 1923 2134 1977 2173 2102 2028 2103 1972 1943 2271 2107 2074 2182 2128 1838 2179 1599 1951 2218 2200 2150 1942 1901 2106 1884 2303 1911 2155 1961 2134 2002 2214 2065 2311 2334 1916 2006 1997 2073 2112 2146 1899 2227 2071 2253 1770 1986 1867 2164 2178 1949 2212 1829 1824 2228 2275 2120 1976 1811 2095 2084 2133 2190 2013 2318 2051 1944
1910 2025 2010 2320 1854 1944 2250 2181 2054 2049 2249 2154 2049 1960 1913 2104 1953 2106 2121 1907 2141 1823 2037 2112 2194 2151 2042 2358 1957 2004 2387 1930 2281 1947 2209 2127 2073 1880 1942 2096 1976 2022 2280 2136 2332 2180 2210 2082 2112 1685 1913 2204 2305 2135 1949 1821 2334 2013 2223 1939 2008 2004 2031 1923 2301 1916 2240 2370 2123 2102 2165 2066 2109 2186 1892 2098 2096 2104 1784 2069 1914 2216 2022 1857 2195 2000 2022 2037 2262 2053 1840 1993 2195 2161 1971 2131 2169 2402 2176 1895
2155 1875 2083 2332 1945 2337 2141 2357 1745 2089 2430 2382 2122 2115 2090 2085 2242 2217 2144 2120 2004 1951 2058 2137 1958 2253 1979 2389 1985 2184 2420 2002 2221 2156 2309 2214 2101 2218 1857 2105 2093 1872 2253 2445 2366 2320 2127 1767 2313 1657 1788 2360 2113 2264 1990 1981 2224 1986 2356 1804 2198 2102 2061 2128 2197 2052 2467 2284 2040 2084 2109 2047 2143 2369 2272 2245 2218 2328 2020 2168 1824 2105 2125 1852 2222 2117 2080 2165 2347 2201 1973 2036 2341 2178 2199 2230 2149 2291 2161 2023
2268 1874 1963 2175 1924 1977 2148 2283 1760 2034 2351 2023 2189 2013 2023 2041 2040 2224 2081 1905 2109 1906 1949 2019 2003 2208 1865 2303 1964 2025 2450 2013 1970 2060 2070 2188 2067 2279 1967 1798 1942 1946 2272 2192 2310 2191 2167 1898 2312 1761 1889 2291 1994 2155 2030 1917 2398 1841 2174 1890 2166 2038 1974 1953 2331 2094 2227 2194 2086 1882 2155 2014 1931 2315 2112 2208 1880 2248 1964 1953 2011 1921 2167 1985 2217 2008 1934 2209 2216 2106 1851 1967 2239 2092 2169 2181 2052 2350 2113 1921
2342 2081 2094 2260 1984 2096 2049 2347 1824 2016 2210 2154 2174 2112 2120 2098 2151 2365 2122 2114 2022 1820 2084 2303 2159 2247 2141 2324 2014 2154 2453 1800 2089 2099 2181 2288 2031 2260 2053 2133 1986 1904 2343 2187 2337 2480 2150 2087 2232 1675 1884 2264 2181 2157 1979 2050 2243 2018 2300 2004 1980 1953 2279 2047 2274 2120 2168 2206 2258 1968 2270 1910 2154 2303 2078 2317 2215 2248 2149 2090 2041 2245 2102 2089 2237 2041 2063 2159 2233 2126 2024 2092 2050 2098 2155 2154 1981 2345 2173 1938
2446 2092 2093 2415 2053 2058 2060 2344 1762 2187 2529 2292 2228 2029 2135 2359 2225 2330 2189 2142 2070 2226 2037 2190 1999 2191 1983 2389 2096 2031 2439 1884 2221 2221 2334 2259 1974 2158 2019 1939 2077 1966 2154 2270 2298 2467 2359 1896 2390 1777 1875 2342 2310 2208 2001 1908 2235 2093 2221 1815 2174 2204 2072 2206 2233 2034 2394 2475 2063 1987 2237 1882 2199 2255 2086 2226 2380 2322 2026 2040 2138 2060 2236 2021 2135 1999 1926 2158 2164 1984 2058 2026 2386 2114 2185 2368 2105 2435 2084 2110
2303 2001 2146 2506 1999 2127 2033 2296 1874 2174 2359 2108 2241 2027 2204 2310 2131 2235 2066 2048 1966 2079 2098 2176 2053 2273 1965 2431 2040 2161 2528 1956 2309 2077 2330 2304 2150 2236 1985 1872 2249 2026 2202 2281 2418 2281 2090 1880 2445 1799 1948 2256 2221 2409 1987 1959 2216 2018 2406 2010 2186 2008 2107 2207 2270 1988 2414 2430 2260 2174 2213 2069 2207 2100 2170 2284 2433 2344 1979 2204 1896 2194 2078 1891 2147 2025 2069 2094 2244 2124 2055 1984 2396 2256 2137 2327 2086 2551 2028 2064
2364 1952 2042 2350 2217 2281 2206 2255 1995 2192 2497 2358 2318 1961 2053 2177 2048 2279 2204 2247 2079 1937 2229 2070 2153 2391 2010 2428 2156 2177 2571 2059 2187 2091 2181 2365 2130 2241 1943 2090 2154 2126 2290 2349 2549 2409 2176 1915 2441 1790 2046 2474 2241 2264 2158 2053 2414 2122 2611 1938 2078 2058 2258 2064 2403 2187 2588 2322 2102 1981 2183 2223 2171 2357 2155 2247 2261 2343 2050 2183 2121 2312 2112 1869 2268 2066 1997 2127 2289 2288 2083 2078 2342 2298 2364 2392 2237 2555 2421 2099
2111 1704 1755 1996 1733 1644 1841 1994 1632 1710 2055 1906 1835 1590 1623 1933 1770 1948 1764 1654 1737 1794 1803 1816 1745 1819 1459 1999 1733 1707 2120 1750 1912 1692 1829 1975 1923 1768 1629 1805 1695 1744 1832 1790 2028 1920 1864 1727 1863 1527 1630 2039 1841 1832 1651 1630 1913 1717 1886 1693 1874 1923 1706 1861 1849 1807 1947 1889 1753 1659 1844 1881 1804 1916 1748 1874 1968 1927 1641 1834 1752 1831 1903 1501 1820 1606 1696 1824 1806 1818 1845 1840 1911 1824 1727 1971 1698 2023 1929 1779
2024 1925 1850 2188 1794 1958 1957 2211 1691 1962 2113 1951 1931 1809 1778 2022 1913 2134 1825 1930 1904 1906 1995 1940 1987 1883 1789 2083 1628 1980 2266 1701 2048 1729 1898 2069 2018 1956 1724 1912 1742 1779 1970 1928 2184 2050 2074 1693 2113 1489 1677 2118 2029 2057 1803 1766 2036 1888 2225 1872 1848 1896 2034 1845 2101 1946 2164 2184 1919 2029 1983 1906 1894 2023 1934 2144 1918 1992 1756 1983 1952 2076 2057 1706 2037 1969 1833 1825 1976 1872 1830 1959 2023 2101 1914 2021 1810 2188 1967 1966
2134 1811 1842 2278 1862 1957 2022 2258 1780 1991 2122 2043 1870 1965 2080 2293 2010 2189 2062 1978 1998 1780 1971 2012 1989 2119 1967 2195 1893 2041 2347 1831 2078 1781 2084 2112 2039 2079 1805 1909 1895 1932 2083 2069 2183 2018 2067 1815 2141 1614 1788 2086 2024 2049 1790 1757 2074 1907 2337 1965 2124 2046 2178 1845 2137 2058 2089 2218 2018 2026 2148 2014 1908 1969 2052 2206 2187 2148 1911 2066 2011 2015 2183 1837 2035 1879 1865 2052 2165 2049 2129 1908 2100 2137 2076 2067 1968 2245 1891 1996
2039 1645 1922 2057 1625 1844 1860 2143 1602 1949 2106 1899 1958 1878 1989 2096 1801 2154 1897 1923 1809 1646 1885 1859 1827 1903 1862 2167 1700 1893 1952 1848 2068 1939 1919 2136 1875 1939 1727 1817 1816 1757 2064 1956 2189 2158 1894 1704 2171 1592 1936 2015 1933 1851 1710 1616 1923 1900 2045 1816 1872 1758 1841 1881 2181 1753 2135 2104 1945 1799 2032 1752 1923 2088 1828 1957 1972 1931 1899 1926 1720 1759 1873 1809 1925 1850 1813 1948 2049 1901 1798 1879 1968 1926 2050 2003 1889 2171 1998 1803
2063 1974 1970 2260 1895 1875 2055 2263 1844 1941 2293 2111 2192 1825 1840 2081 2068 2233 2091 2012 2036 1916 2006 2214 1896 2167 1957 2258 1986 2123 2226 1765 2077 2042 2134 2155 1901 2121 1913 2015 1802 1973 2153 2096 2392 2326 2038 1758 2174 1733 1699 2284 2071 2200 1870 1844 2188 1929 2268 1785 1981 2151 2012 1890 2233 1915 2148 2031 1988 1879 2175 1956 1853 2115 1804 2070 2220 2047 1826 2104 1978 2227 2014 1857 2153 1902 1974 2046 2146 2171 2044 2021 2055 2149 2014 2214 1997 2249 2235 1880
2035 1822 2037 2208 1973 2097 1975 2214 1692 2095 2268 2146 2019 1809 1997 2048 1964 2197 2080 2027 2062 1974 1838 2064 2087 2228 1894 2319 1910 1861 2249 1838 2213 1938 2000 2250 1787 2133 1809 1828 2001 1798 2065 2239 2260 2270 2171 1752 2055 1675 1738 2258 2046 2115 1921 2011 2180 1862 2340 1730 1908 1990 2218 2014 2020 1997 2261 2282 2027 2073 2042 1963 2126 2122 2084 2115 2200 2257 1781 2062 1952 2223 2127 1750 1964 2007 1809 2015 2158 2069 2051 1988 2181 2071 2051 2170 2134 2236 2197 2064
2529 2165 2244 2480 2257 2172 2230 2317 1953 2335 2412 2294 2337 2084 2155 2352 2271 2307 2379 2312 2250 2219 2416 2225 2243 2455 2077 2623 2105 2148 2627 2081 2237 2213 2370 2395 2139 2323 2322 2274 2289 1993 2385 2465 2460 2421 2381 1956 2345 1886 1872 2585 2279 2479 2082 2058 2389 2025 2466 2006 2252 2398 2142 2221 2444 2228 2548 2436 2182 2188 2434 2208 2344 2355 2332 2320 2454 2521 2347 2246 2195 2379 2289 2182 2323 2170 2058 2274 2278 2212 2158 2060 2394 2403 2350 2398 2231 2620 2258 2247
2248 1981 2072 2258 2127 2135 2113 2328 1886 2027 2389 2136 2084 1970 2044 2054 1978 2376 2159 2080 1862 1863 2074 2136 2052 2256 2094 2400 1944 2067 2397 1900 2205 2028 2227 2200 2104 2162 1902 2080 1926 2007 2152 2200 2232 2297 2055 1855 2209 1737 1886 2364 2337 2106 2033 1875 2151 1990 2332 1968 2012 2057 2106 2073 2310 2008 2352 2328 2168 1983 2137 2027 2142 2155 2020 2262 2291 2343 2088 2041 2012 2108 2032 1834 2288 1988 2002 2186 2153 2098 2060 2089 2275 2172 2148 2150 1984 2278 2073 2106
2271 1908 2025 2449 2020 2064 2010 2216 1844 2084 2225 2186 2266 2092 2133 2284 1992 2061 2185 2060 2179 1971 2111 1925 2156 2332 2044 2471 2052 1899 2452 1941 2112 2062 2170 2218 2083 2300 1968 2144 2143 2013 2185 2287 2264 2436 2119 1944 2258 1858 1758 2332 2342 2341 1923 1943 2162 2004 2275 1940 2141 2154 2102 2049 2298 1929 2317 2349 2035 2055 2223 2013 2150 2149 2063 2170 2295 2236 2025 2081 2077 2149 2097 1958 2156 1839 1982 2188 2095 2128 2096 2017 2226 2175 2130 2341 2172 2396 2061 2024
1926 1813 1878 2097 1752 1896 1960 2090 1765 2053 2053 2000 2099 1923 1788 1894 1820 1957 2051 1893 1990 1792 1860 1881 1901 2218 1833 2124 1805 2016 2064 1749 2083 1993 2090 1999 1824 1939 1779 1929 1749 1892 2080 1962 2150 2156 1905 1908 2224 1481 1651 2052 2010 1973 1909 1658 1949 1910 2103 1757 1795 1886 1942 1941 2191 1875 2081 2012 1853 1794 2146 2022 1938 2014 1889 1890 1950 2015 1903 1874 1828 2110 1849 1723 1997 1830 1828 1890 1945 2066 1920 1887 1970 1941 2059 1960 1755 2205 1996 2026
2133 1968 2101 2317 2166 1996 2212 2409 1916 2147 2198 2172 2162 2041 2203 2045 2008 2241 2258 2030 2022 2034 2287 1995 2009 2367 2135 2302 2048 2252 2507 1925 2096 2197 2107 2282 2106 2096 2017 2128 1990 2066 2208 2309 2221 2399 2046 1924 2440 1727 1982 2267 2224 2122 2012 2030 2354 2118 2291 2034 2168 2086 2118 2040 2466 2187 2279 2169 2173 2034 2263 1938 2089 2210 1971 2341 2210 2239 2033 2150 2000 2242 2220 2105 2154 1973 1967 2388 2224 2095 2087 2038 2181 2302 2255 2263 2217 2429 2054 1991
2042 2052 1894 2279 1863 2102 2014 2153 1802 1951 2246 2090 1968 1826 2020 2095 2057 2024 1991 2081 1800 1805 1895 1993 2004 2074 1969 2282 1981 1904 2302 1699 2181 2118 2137 2071 2064 1868 1923 2147 2006 1899 2122 2110 2326 2131 2191 1991 2161 1563 1660 2202 2081 2139 1867 1761 1987 2055 2239 1874 1928 1975 1903 1978 2230 2023 2162 2214 1898 1927 2169 1999 2203 2095 2092 2102 2243 2256 1965 2000 1836 2009 2154 1688 2111 1969 1955 2006 2107 1970 1988 1989 2212 1999 2042 2288 1829 2258 2062 2019
2236 2074 2084 2178 1988 1999 2087 2301 1744 2187 2298 2176 2051 1868 1883 2075 1914 2275 2094 2071 2084 2080 1970 2164 2023 2260 1842 2326 1908 2010 2431 2025 2200 2066 2033 2154 2005 2046 1980 1828 2034 1953 2181 2094 2320 2248 2071 2053 2341 1624 1949 2353 2115 2180 2044 1927 2200 1974 2222 1880 2041 2069 2175 2120 2315 2120 2387 2224 2150 2140 2114 2027 2100 2191 1999 2187 2135 2126 1842 2012 1993 2206 2211 1803 2151 2021 1968 2108 2272 2023 2028 2078 2130 2250 2181 2249 2022 2431 2043 1921
2124 1938 1993 2271 1904 1975 2120 2135 1875 2080 2220 2132 2091 1960 1978 2103 1962 2176 2136 1906 1930 1908 2009 1887 2129 2287 1849 2132 1933 2147 2333 1765 2129 1913 2117 2071 1962 2049 1858 1956 1867 1929 2183 2180 2211 2182 2048 1897 2223 1635 1913 2260 2068 2081 1915 1983 2313 1876 2184 1859 2117 1969 2072 1973 2196 2112 2129 2265 1933 2065 2091 2059 1934 2138 1935 2287 2112 2198 1863 1957 1946 2104 2068 1914 2121 1803 1829 2134 2038 2142 1981 2016 2165 2163 2016 2016 1961 2166 2102 2013
1951 1839 1782 2023 1704 1694 1847 1870 1627 1850 1881 1864 1841 1692 1669 2001 1997 1874 1928 1837 1968 1668 1880 1743 1860 1859 1660 1935 1814 1751 2108 1778 1936 1788 1865 1989 1777 1865 1782 1720 1704 1721 1970 1970 2070 2035 1790 1758 1973 1479 1703 2060 1936 2027 1691 1776 1885 1656 1981 1776 1935 1713 1910 1688 1996 1811 1970 2030 1907 1883 1940 1789 1900 1746 1737 1788 1999 2044 1785 1776 1749 1903 1876 1775 1931 1717 1771 1747 1814 1892 1739 1700 1843 1980 1851 1859 1828 2059 1847 1892
2313 1944 2047 2186 2023 2129 2002 2382 1838 2080 2336 2267 2163 2011 1891 2025 2048 2368 1999 2190 1967 1965 1983 2037 2092 2116 2127 2202 1938 2086 2305 1916 2158 1964 2159 2057 1959 2334 1907 1944 2054 1986 2270 2142 2299 2403 2109 1959 2341 1757 1946 2337 2240 2272 1957 1863 2136 2123 2414 2001 2148 1994 2137 1949 2283 2109 2352 2177 2025 1870 2185 1846 1932 2152 1910 2280 2125 2082 1928 2047 1853 2185 2055 1869 2326 2092 1907 2201 2102 1975 1904 2017 2144 2147 2145 2005 1983 2404 2048 2030
1873 1692 1699 2017 1718 1714 1718 1865 1633 1586 1925 1868 1824 1368 1778 1812 1703 1893 1764 1896 1763 1795 1737 1798 1722 1908 1772 1841 1639 1653 1957 1541 1829 1827 1812 1816 1731 1715 1763 1799 1672 1642 1910 1834 1972 1930 1772 1497 1929 1490 1532 1855 1917 1689 1784 1648 1803 1625 1828 1533 1745 1600 1563 1664 1927 1685 1897 1819 1667 1825 1892 1666 1644 1826 1677 1961 1869 1770 1704 1878 1668 1738 1769 1715 1641 1603 1676 1792 1705 1787 1635 1702 1827 1881 1653 2041 1635 2097 1971 1688
2330 2073 2211 2485 2023 2310 2131 2417 1945 2180 2615 2536 2320 2057 2266 2175 2147 2327 2440 2282 2133 2149 2097 2340 2207 2348 2170 2476 2045 2264 2413 1975 2258 2198 2265 2291 2148 2286 2108 2117 2125 2129 2341 2533 2507 2367 2347 2059 2372 1730 1918 2472 2330 2401 2150 1950 2401 2035 2525 2023 2074 2197 2299 2198 2410 2197 2389 2382 2238 2105 2235 2173 2272 2375 2256 2401 2325 2290 2209 2252 2087 2290 2239 2083 2322 2133 2149 2221 2280 2237 2146 2084 2306 2229 2330 2470 2182 2470 2344 2152
2083 1926 1955 2463 2060 1971 2181 2069 1785 2210 2399 2275 2317 2002 2111 2251 1922 2114 2158 2046 2199 1920 2063 2200 2115 2294 1916 2293 1932 2053 2570 1901 2168 2070 2129 2406 2125 2124 2108 1980 2008 1948 2244 2160 2405 2252 2179 1970 2286 1593 1921 2383 2228 2256 1916 1981 2386 2151 2315 1838 1997 2140 2223 2041 2228 2023 2161 2457 2209 2090 2129 2108 2077 2228 2152 2185 2224 2269 1827 1977 2080 2312 2277 1887 2026 1932 1872 2096 2067 2232 1994 2053 2024 2266 2243 2201 2112 2452 2339 1998
2002 1774 1959 2179 1912 2109 1997 2151 1687 1817 2174 2162 1961 1854 2051 1792 2000 1994 2070 2005 1844 2003 1954 2040 1823 2126 1835 2166 1815 1897 2112 1825 2115 1909 2033 2105 1831 2067 1883 1950 2015 1867 2125 2270 2358 2165 1954 1816 2145 1798 1811 2250 2082 2122 1939 1791 2127 1821 2174 1717 2138 1972 1976 1978 2202 2032 2100 2156 2002 1835 1953 1774 1936 2252 2023 2139 2062 2029 1868 1952 1855 2207 1943 1810 1958 1835 1957 2183 2027 2024 1991 1929 2157 2002 2085 2139 2104 2276 2205 1906
1943 1729 1910 2169 1699 1838 1784 2021 1642 1807 2127 1927 2009 1736 1947 1914 1975 2082 1996 1961 1694 1717 1926 2214 1790 2003 1946 2203 1801 1964 2126 1649 1799 1844 1996 2046 1811 2059 1878 1942 1752 1830 2097 2094 2210 2083 1943 1683 1972 1629 1613 2012 1909 1902 1934 1822 2063 1800 2173 1747 1815 1731 1903 1840 2083 1922 2044 2036 1970 1862 2040 1922 1722 2028 1846 1992 1969 2066 1818 1981 1801 2076 1882 1745 2045 1861 1789 1883 2089 1936 1800 1796 2091 1811 1923 2043 1834 2089 2076 1704
1920 1802 1974 2028 1787 2002 1721 2120 1583 1901 2021 2003 1969 1739 1987 1820 1842 2153 2030 1958 1709 1772 1888 2007 1782 2075 1848 2089 1610 1886 1974 1665 1833 1864 2036 2092 1676 2071 1754 1665 1730 1743 1928 2150 2119 2003 1860 1523 1995 1582 1753 1956 1982 1833 1960 1658 2151 1772 2091 1654 1877 1790 1970 1966 2054 1885 2165 2175 2107 1897 1928 1764 1783 2010 1715 2074 1962 2016 1900 1963 1885 2018 1873 1683 1933 1870 1651 2062 2025 1743 1839 1836 1966 1890 2053 2049 1885 2214 1964 1824
2114 1757 1747 2229 1921 1888 1991 2286 1717 1875 2250 2069 1958 1638 1962 2068 1890 2009 2091 1772 2015 1944 1987 2102 1880 2046 1971 2146 1773 2019 2283 1691 2054 1817 1962 1926 1962 1957 1916 1979 1894 1758 2069 2035 2118 2116 2048 1787 2083 1557 1736 2163 2070 1968 1831 1796 2188 1992 2215 1633 2003 1945 1936 1888 2139 2089 2117 2203 1944 1921 2032 2007 1958 2173 2115 2237 2060 2186 1835 1853 1937 2000 2063 1784 2051 2019 1766 1921 2020 1990 1869 1833 1985 2174 2076 2076 1897 2300 2054 1967
2260 2097 2032 2429 1914 1996 1929 2181 1767 2089 2040 2072 2168 2015 2043 2247 2113 2199 2129 2012 2088 2124 2083 2133 2066 2175 2006 2361 1860 2023 2469 1917 2056 2033 2131 2158 1940 2217 1867 2002 1983 2025 2272 2254 2168 2307 2249 1811 2210 1789 1773 2327 2112 2104 1856 1886 2194 1970 2271 1949 2001 2027 2109 2085 2224 2119 2403 2147 1856 1962 2302 1933 2081 2201 2068 2042 2035 2099 2041 1954 1918 2128 2094 1991 2138 1907 1878 2152 2143 2051 1976 1923 2206 2150 1949 2283 1996 2372 2073 1872
2188 2041 1881 2261 1987 2161 1920 2169 1856 2121 2221 1982 2078 1950 1962 2160 2205 2079 1994 1990 1955 1954 1961 2118 1957 2185 1872 2242 2011 2049 2264 1783 2173 1992 2171 2123 1843 2182 1817 1803 1815 1982 1978 2138 2350 2156 2108 1955 2191 1625 1754 2192 2139 2104 1871 1791 2142 1941 2292 1826 2043 2058 2145 2024 2244 2027 2157 2269 2119 1931 2135 1887 1952 2006 1834 2216 2264 2244 2004 2132 2028 2214 2062 1911 2086 1815 1849 2072 2173 2026 1908 2023 2252 2072 2155 2049 2011 2339 2002 2036
2187 2080 2037 2289 2032 2120 2140 2139 1840 2106 2371 2183 2191 2038 2036 2091 2097 2241 2067 1966 1973 2000 2200 2048 2169 2222 1943 2339 1975 2093 2502 1836 2080 1869 2201 2164 2041 1950 1917 1945 2035 1884 2039 2196 2252 2163 2154 1787 2162 1557 1799 2286 2161 2195 1997 1908 2248 1941 2341 1866 2075 2202 2020 1944 2234 2040 2288 2232 2099 2090 2135 1962 2140 2158 2053 2156 2104 2323 1967 2154 2002 2153 2168 1913 2062 2026 1959 2044 2192 2057 1947 2052 2237 2212 2156 2135 2082 2369 2114 2070
2159 2119 2089 2304 2070 2115 2140 2354 1675 2136 2400 2136 2171 2016 2024 2139 2108 2321 2046 2006 2115 2060 2136 2170 2143 2335 1963 2226 1902 2017 2588 2035 2228 2175 2169 2262 2015 2189 1888 1934 2110 1990 2202 2303 2289 2257 2195 1931 2196 1625 1954 2345 2321 2213 1986 1950 2384 2090 2321 1991 2094 2087 2067 2040 2326 2100 2444 2449 2078 2194 2211 2047 2171 2279 2182 2235 2054 2332 1915 2016 2074 2107 2295 1896 2242 2102 1892 2139 2255 2033 1986 2102 2137 2325 2163 2195 2053 2370 2017 2084
2025 1753 1831 2028 1874 1919 1869 2181 1638 1684 2139 1761 1868 1717 1852 1866 1776 2091 2011 1963 1752 1753 1773 2074 1840 1897 1874 2153 1842 1823 2197 1686 2031 1752 2068 1914 1850 1888 1706 1937 1770 1881 1913 1898 2040 2013 1970 1636 1949 1431 1606 2049 1925 1991 1787 1750 2034 1860 2100 1738 1945 1916 1899 1828 2173 1815 2004 2149 2011 1773 1872 1938 1773 2042 1910 2006 2029 2071 1684 1877 1796 1997 1849 1682 1893 1759 1811 1817 2019 1891 1879 1811 2094 1901 1927 1981 1843 2280 1939 1929
1999 1793 1775 2106 1715 1730 1829 1921 1776 1897 1923 1847 1857 1856 1894 2010 1821 2019 1850 1911 1907 1859 1782 1869 1879 1956 1891 2071 1796 1880 2178 1700 2120 1828 1768 1910 1825 1899 1695 1881 1788 1778 2057 1911 2204 1993 2014 1715 2005 1441 1664 2060 1946 2000 1718 1751 1847 1824 2045 1796 1810 1736 1886 1858 2113 1773 2100 2037 1845 1867 2020 1910 1981 1863 1762 1989 1908 1940 1663 1853 1774 1796 1954 1692 1965 1700 1782 1779 1897 1933 1668 1677 1971 1848 2092 2086 1782 2118 1778 1766
1973 1865 1976 2274 2017 2060 2054 2181 1811 1981 2246 2291 2072 1813 1990 2151 1915 2221 2147 1933 2072 1939 2018 1910 2017 2231 1920 2192 1959 1985 2344 1946 2087 1914 1974 2100 2153 1967 1937 2096 2017 2003 2081 2188 2251 2179 2127 1955 2388 1533 1838 2131 2198 2185 1888 2015 2157 1951 2270 1915 2014 2020 2176 2005 2196 2024 2326 2351 1958 1967 2128 2131 2155 2127 2091 2142 2019 2219 1738 2049 1954 2058 2191 1830 2138 2071 1820 2101 2115 2121 1955 1800 2028 2172 2161 2205 2059 2394 2003 2011
2047 1773 1897 2238 1965 1995 2094 2223 1806 1911 2261 2100 2159 1772 2070 2017 1847 2048 2150 1944 2004 2008 1966 2024 2004 2110 1874 2371 1861 2033 2381 1852 2092 1873 2137 1948 2125 1880 1800 2009 1945 1952 2200 2190 2185 2310 1963 1721 2171 1676 1693 2021 1976 1995 1926 1898 2077 1979 2256 1800 1952 2151 2018 1955 2220 1979 2188 2244 2029 1963 2116 1903 1909 2132 1992 2139 2220 2171 1885 2032 1875 1981 2032 1759 1936 1947 1907 2057 2116 2027 1930 1987 2172 2195 1937 2245 2049 2214 1905 1820
2098 1711 1830 2259 1800 1916 1891 2136 1731 1959 2088 1933 2036 1888 2029 1943 1873 2120 1907 1861 1867 1795 2016 1982 1971 2052 1840 2181 1782 2098 2259 1697 1966 1839 2047 2035 1951 2056 1752 1968 1736 1844 2053 2151 2177 2076 1993 1645 2113 1524 1647 2087 1887 2073 1784 1936 2100 1868 2228 1778 1869 1922 2018 1787 2018 1949 2070 2229 1994 1790 2019 1920 1971 2101 1997 2195 2099 2073 1767 1922 1853 1956 1892 1796 1997 1830 1718 1930 1990 2009 1842 1771 1993 2095 1950 2012 2075 2028 1856 1943
1934 1811 1879 2183 1829 2044 2170 2192 1854 2068 2301 2131 1924 1949 1912 2042 1969 2056 1940 1751 1936 1698 2055 1882 1947 2215 1932 2298 1922 1887 2341 1659 1908 1893 2004 2025 1913 2056 1827 1920 1987 1728 2105 1998 2167 2085 2027 1693 2183 1549 1746 2145 2082 1918 1912 1868 2199 1880 2227 1699 1971 1992 1985 1784 2110 1867 2181 2073 1867 2024 1865 1918 1824 2032 1887 2059 1926 2048 1814 2107 2112 2180 1933 1679 2049 1796 1791 1964 2266 2091 1889 1878 2107 2148 2112 2029 1986 2182 2067 1855
